1716769747249,paho816787777153113,topic/maintenance,METAVERSE,215
1716769747417,paho816787777153113,topic/maintenance,METAVERSE,97
1716769747542,paho816787777153113,topic/maintenance,METAVERSE,103
1716769747565,paho816787775870319,topic/b/noise,METAVERSE,126
1716769747645,paho816787777153113,topic/maintenance,METAVERSE,43
1716769747732,paho816787777153113,topic/maintenance,METAVERSE,99
1716769747735,paho816787776828664,topic/occupancy,METAVERSE,111
1716769747743,paho816787775870319,topic/s/noise,METAVERSE,110
1716769747744,paho816787775870319,topic/c/lighting,METAVERSE,66
1716769747775,paho816787776998330,topic/c/lighting,METAVERSE,97
1716769747776,paho816787777153113,topic/maintenance,METAVERSE,48
1716769747811,paho816787775870319,topic/c/lighting,METAVERSE,44
1716769747816,paho816787776998330,topic/c/lighting,METAVERSE,49
1716769747823,paho816787777153113,topic/maintenance,METAVERSE,43
1716769747877,paho816787776597586,topic/security,METAVERSE,253
1716769747916,paho816787776597586,topic/security,METAVERSE,331
1716769747975,paho816787776597586,topic/security,METAVERSE,25
1716769748032,paho816787776597586,topic/security,METAVERSE,75
1716769748038,paho816787777153113,topic/maintenance,METAVERSE,23
1716769748082,paho816787776597586,topic/security,METAVERSE,29
1716769748090,paho816787776597586,topic/security,METAVERSE,27
1716769748113,paho816787776597586,topic/security,METAVERSE,30
1716769748121,paho816787776828664,topic/occupancy,METAVERSE,68
1716769748139,paho816787776597586,topic/security,METAVERSE,35
1716769748152,paho816787775870319,topic/b/noise,METAVERSE,87
1716769748152,paho816787776597586,topic/security,METAVERSE,75
1716769748157,paho816787776597586,topic/security,METAVERSE,33
1716769748157,paho816787777153113,topic/maintenance,METAVERSE,92
1716769748160,paho816787775870319,topic/c/noise,METAVERSE,16
1716769748164,paho816787777153113,topic/maintenance,METAVERSE,20
1716769748169,paho816787776597586,topic/security,METAVERSE,32
1716769748213,paho816787776597586,topic/security,METAVERSE,50
1716769748222,paho816787776597586,topic/security,METAVERSE,19
1716769748233,paho816787776597586,topic/security,METAVERSE,17
1716769748236,paho816787775870319,topic/v/rfid,METAVERSE,16
1716769748257,paho816787776828664,topic/queueing,METAVERSE,37
1716769748266,paho816787777153113,topic/maintenance,METAVERSE,34
1716769748270,paho816787776597586,topic/security,METAVERSE,43
1716769748285,paho816787776597586,topic/security,METAVERSE,17
1716769748291,paho816787776597586,topic/security,METAVERSE,15
1716769748300,paho816787776828664,topic/occupancy,METAVERSE,80
1716769748309,paho816787775870319,topic/c/rfid,METAVERSE,31
1716769748336,paho816787776597586,topic/security,METAVERSE,55
1716769748337,paho816787776828664,topic/queueing,METAVERSE,59
1716769748343,paho816787776828664,topic/occupancy,METAVERSE,67
1716769748351,paho816787776597586,topic/security,METAVERSE,15
1716769748423,paho816787776597586,topic/security,METAVERSE,22
1716769748428,paho816787777153113,topic/maintenance,METAVERSE,36
1716769748454,paho816787777153113,topic/maintenance,METAVERSE,74
1716769748454,paho816787776828664,topic/occupancy,METAVERSE,176
1716769748467,paho816787776597586,topic/security,METAVERSE,39
1716769748477,paho816787776597586,topic/security,METAVERSE,22
1716769748521,paho816787776597586,topic/security,METAVERSE,37
1716769748646,paho816787777153113,topic/maintenance,METAVERSE,14
1716769748658,paho816787776597586,topic/security,METAVERSE,30
1716769748747,paho816787776597586,topic/security,METAVERSE,48
1716769748761,paho816787777153113,topic/maintenance,METAVERSE,31
1716769748797,paho816787775870319,topic/d/noise,METAVERSE,14
1716769748802,paho816787777153113,topic/maintenance,METAVERSE,19
1716769748836,paho816787776998330,topic/v/lighting,METAVERSE,16
1716769748840,paho816787775870319,topic/v/lighting,METAVERSE,20
1716769748844,paho816787777153113,topic/maintenance,METAVERSE,41
1716769748877,paho816787777153113,topic/maintenance,METAVERSE,35
1716769748882,paho816787776597586,topic/security,METAVERSE,128
1716769748917,paho816787777153113,topic/maintenance,METAVERSE,50
1716769748979,paho816787776597586,topic/security,METAVERSE,40
1716769748992,paho816787776998330,topic/s/lighting,METAVERSE,72
1716769748994,paho816787775870319,topic/s/lighting,METAVERSE,74
1716769749023,paho816787776597586,topic/security,METAVERSE,39
1716769749029,paho816787777153113,topic/maintenance,METAVERSE,17
1716769749108,paho816787776597586,topic/security,METAVERSE,36
1716769749135,paho816787777153113,topic/maintenance,METAVERSE,17
1716769749157,paho816787775870319,topic/e/noise,METAVERSE,67
1716769749159,paho816787777153113,topic/maintenance,METAVERSE,69
1716769749168,paho816787776597586,topic/security,METAVERSE,27
1716769749178,paho816787775870319,topic/v/noise,METAVERSE,18
1716769749179,paho816787777153113,topic/maintenance,METAVERSE,19
1716769749218,paho816787776597586,topic/security,METAVERSE,32
1716769749257,paho816787775870319,topic/d/noise,METAVERSE,13
1716769749258,paho816787777153113,topic/maintenance,METAVERSE,14
1716769749285,paho816787776597586,topic/security,METAVERSE,72
1716769749286,paho816787777153113,topic/maintenance,METAVERSE,65
1716769749343,paho816787777153113,topic/maintenance,METAVERSE,15
1716769749351,paho816787776597586,topic/security,METAVERSE,65
1716769749378,paho816787776597586,topic/security,METAVERSE,32
1716769749423,paho816787776597586,topic/security,METAVERSE,49
1716769749445,paho816787776597586,topic/security,METAVERSE,15
1716769749489,paho816787776597586,topic/security,METAVERSE,45
1716769749499,paho816787776597586,topic/security,METAVERSE,44
1716769749514,paho816787776597586,topic/security,METAVERSE,79
1716769749520,paho816787777153113,topic/maintenance,METAVERSE,26
1716769749528,paho816787775870319,topic/g/rfid,METAVERSE,21
1716769749530,paho816787776828664,topic/queueing,METAVERSE,23
1716769749536,paho816787777153113,topic/maintenance,METAVERSE,32
1716769749550,paho816787776597586,topic/security,METAVERSE,28
1716769749556,paho816787776998330,topic/s/lighting,METAVERSE,18
1716769749558,paho816787775870319,topic/s/lighting,METAVERSE,20
1716769749563,paho816787777153113,topic/maintenance,METAVERSE,24
1716769749583,paho816787777153113,topic/maintenance,METAVERSE,39
1716769749600,paho816787776828664,topic/occupancy,METAVERSE,93
1716769749622,paho816787775870319,topic/s/rfid,METAVERSE,26
1716769749628,paho816787776828664,topic/queueing,METAVERSE,32
1716769749628,paho816787777153113,topic/maintenance,METAVERSE,81
1716769749633,paho816787776597586,topic/security,METAVERSE,22
1716769749635,paho816787775870319,topic/e/noise,METAVERSE,12
1716769749643,paho816787777153113,topic/maintenance,METAVERSE,20
1716769749672,paho816787776597586,topic/security,METAVERSE,54
1716769749698,paho816787777153113,topic/maintenance,METAVERSE,35
1716769749703,paho816787776828664,topic/occupancy,METAVERSE,107
1716769749707,paho816787776597586,topic/security,METAVERSE,27
1716769749757,paho816787776828664,topic/occupancy,METAVERSE,77
1716769749770,paho816787776597586,topic/security,METAVERSE,102
1716769749801,paho816787777153113,topic/maintenance,METAVERSE,25
1716769749806,paho816787777153113,topic/maintenance,METAVERSE,18
1716769749809,paho816787776597586,topic/security,METAVERSE,20
1716769749814,paho816787776597586,topic/security,METAVERSE,19
1716769749834,paho816787776597586,topic/security,METAVERSE,34
1716769749859,paho816787776597586,topic/security,METAVERSE,10
1716769749866,paho816787776597586,topic/security,METAVERSE,14
1716769749892,paho816787777153113,topic/maintenance,METAVERSE,35
1716769749899,paho816787776597586,topic/security,METAVERSE,43
1716769749899,paho816787776828664,topic/occupancy,METAVERSE,50
1716769749912,paho816787777153113,topic/maintenance,METAVERSE,72
1716769749929,paho816787777153113,topic/maintenance,METAVERSE,14
1716769749952,paho816787777153113,topic/maintenance,METAVERSE,16
1716769749956,paho816787775870319,topic/g/noise,METAVERSE,13
1716769749966,paho816787776998330,topic/e/lighting,METAVERSE,14
1716769749969,paho816787775870319,topic/e/lighting,METAVERSE,17
1716769749981,paho816787777153113,topic/maintenance,METAVERSE,38
1716769750028,paho816787777153113,topic/maintenance,METAVERSE,27
1716769750068,paho816787775870319,topic/d/rfid,METAVERSE,13
1716769750072,paho816787776828664,topic/queueing,METAVERSE,17
1716769750074,paho816787777153113,topic/maintenance,METAVERSE,42
1716769750080,paho816787776597586,topic/security,METAVERSE,158
1716769750087,paho816787777153113,topic/maintenance,METAVERSE,39
1716769750098,paho816787776597586,topic/security,METAVERSE,18
1716769750122,paho816787776828664,topic/occupancy,METAVERSE,67
1716769750125,paho816787776597586,topic/security,METAVERSE,33
1716769750129,paho816787777153113,topic/maintenance,METAVERSE,81
1716769750133,paho816787776597586,topic/security,METAVERSE,17
1716769750149,paho816787776597586,topic/security,METAVERSE,34
1716769750156,paho816787776998330,topic/g/lighting,METAVERSE,103
1716769750157,paho816787775870319,topic/g/lighting,METAVERSE,104
1716769750176,paho816787777153113,topic/maintenance,METAVERSE,121
1716769750184,paho816787776597586,topic/security,METAVERSE,46
1716769750194,paho816787776597586,topic/security,METAVERSE,47
1716769750196,paho816787776828664,topic/occupancy,METAVERSE,104
1716769750220,paho816787777153113,topic/maintenance,METAVERSE,85
1716769750223,paho816787776998330,topic/g/lighting,METAVERSE,16
1716769750226,paho816787775870319,topic/g/lighting,METAVERSE,19
1716769750229,paho816787777153113,topic/maintenance,METAVERSE,112
1716769750247,paho816787775870319,topic/s/noise,METAVERSE,11
1716769750249,paho816787777153113,topic/maintenance,METAVERSE,13
1716769750252,paho816787776597586,topic/security,METAVERSE,58
1716769750259,paho816787776597586,topic/security,METAVERSE,19
1716769750274,paho816787776597586,topic/security,METAVERSE,16
1716769750281,paho816787777153113,topic/maintenance,METAVERSE,15
1716769750302,paho816787776597586,topic/security,METAVERSE,53
1716769750340,paho816787776597586,topic/security,METAVERSE,70
1716769750344,paho816787777153113,topic/maintenance,METAVERSE,17
1716769750350,paho816787776597586,topic/security,METAVERSE,18
1716769750390,paho816787777153113,topic/maintenance,METAVERSE,45
1716769750390,paho816787776828664,topic/occupancy,METAVERSE,58
1716769750392,paho816787776597586,topic/security,METAVERSE,73
1716769750406,paho816787776597586,topic/security,METAVERSE,31
1716769750419,paho816787776597586,topic/security,METAVERSE,20
1716769750427,paho816787777153113,topic/maintenance,METAVERSE,30
1716769750427,paho816787776597586,topic/security,METAVERSE,29
1716769750442,paho816787776597586,topic/security,METAVERSE,42
1716769750448,paho816787776828664,topic/occupancy,METAVERSE,50
1716769750454,paho816787776597586,topic/security,METAVERSE,22
1716769750468,paho816787776597586,topic/security,METAVERSE,14
1716769750475,paho816787776597586,topic/security,METAVERSE,33
1716769750501,paho816787776597586,topic/security,METAVERSE,34
1716769750505,paho816787776597586,topic/security,METAVERSE,2016
1716769750520,paho816787776597586,topic/security,METAVERSE,30
1716769750542,paho816787776597586,topic/security,METAVERSE,34
1716769750543,paho816787775870319,topic/g/noise,METAVERSE,21
1716769750546,paho816787777153113,topic/maintenance,METAVERSE,24
1716769750548,paho816787775870319,topic/b/noise,METAVERSE,53
1716769750553,paho816787777153113,topic/maintenance,METAVERSE,58
1716769750560,paho816787776597586,topic/security,METAVERSE,50
1716769750560,paho816787776597586,topic/security,METAVERSE,67
1716769750572,paho816787776597586,topic/security,METAVERSE,80
1716769750576,paho816787776597586,topic/security,METAVERSE,53
1716769750587,paho816787775870319,topic/g/rfid,METAVERSE,66
1716769750587,paho816787777153113,topic/maintenance,METAVERSE,93
1716769750590,paho816787776597586,topic/security,METAVERSE,81
1716769750592,paho816787776828664,topic/queueing,METAVERSE,71
1716769750595,paho816787776597586,topic/security,METAVERSE,39
1716769750599,paho816787776597586,topic/security,METAVERSE,28
1716769750613,paho816787776597586,topic/security,METAVERSE,75
1716769750616,paho816787776597586,topic/security,METAVERSE,118
1716769750632,paho816787777153113,topic/maintenance,METAVERSE,101
1716769750633,paho816787776597586,topic/security,METAVERSE,64
1716769750638,paho816787776597586,topic/security,METAVERSE,69
1716769750644,paho816787776597586,topic/security,METAVERSE,105
1716769750646,paho816787777153113,topic/maintenance,METAVERSE,124
1716769750652,paho816787776597586,topic/security,METAVERSE,82
1716769750656,paho816787776828664,topic/occupancy,METAVERSE,163
1716769750659,paho816787776597586,topic/security,METAVERSE,40
1716769750659,paho816787776597586,topic/security,METAVERSE,16
1716769750675,paho816787776597586,topic/security,METAVERSE,73
1716769750686,paho816787776597586,topic/security,METAVERSE,42
1716769750686,paho816787776597586,topic/security,METAVERSE,64
1716769750693,paho816787777153113,topic/maintenance,METAVERSE,161
1716769750698,paho816787776597586,topic/security,METAVERSE,54
1716769750718,paho816787776597586,topic/security,METAVERSE,89
1716769750720,paho816787776597586,topic/security,METAVERSE,73
1716769750723,paho816787776597586,topic/security,METAVERSE,387
1716769750730,paho816787776597586,topic/security,METAVERSE,100
1716769750730,paho816787776597586,topic/security,METAVERSE,483
1716769750732,paho816787777153113,topic/maintenance,METAVERSE,578
1716769750734,paho816787776597586,topic/security,METAVERSE,79
1716769750742,paho816787776597586,topic/security,METAVERSE,58
1716769750767,paho816787776597586,topic/security,METAVERSE,137
1716769750774,paho816787776597586,topic/security,METAVERSE,67
1716769750774,paho816787776597586,topic/security,METAVERSE,92
1716769750774,paho816787776597586,topic/security,METAVERSE,73
1716769750776,paho816787776828664,topic/occupancy,METAVERSE,255
1716769750777,paho816787776597586,topic/security,METAVERSE,147
1716769750796,paho816787776597586,topic/security,METAVERSE,92
1716769750797,paho816787776597586,topic/security,METAVERSE,89
1716769750802,paho816787776597586,topic/security,METAVERSE,155
1716769750807,paho816787776828664,topic/occupancy,METAVERSE,100
1716769750808,paho816787776597586,topic/security,METAVERSE,87
1716769750823,paho816787776597586,topic/security,METAVERSE,101
1716769750828,paho816787776597586,topic/security,METAVERSE,80
1716769750829,paho816787776597586,topic/security,METAVERSE,175
1716769750830,paho816787776597586,topic/security,METAVERSE,87
1716769750833,paho816787776597586,topic/security,METAVERSE,179
1716769750861,paho816787776597586,topic/security,METAVERSE,90
1716769750862,paho816787777153113,topic/maintenance,METAVERSE,16
1716769750870,paho816787776597586,topic/security,METAVERSE,103
1716769750873,paho816787776597586,topic/security,METAVERSE,218
1716769750881,paho816787776597586,topic/security,METAVERSE,93
1716769750882,paho816787776597586,topic/security,METAVERSE,115
1716769750882,paho816787776597586,topic/security,METAVERSE,227
1716769750906,paho816787776828664,topic/occupancy,METAVERSE,202
1716769750909,paho816787776597586,topic/security,METAVERSE,231
1716769750918,paho816787776597586,topic/security,METAVERSE,94
1716769750919,paho816787776597586,topic/security,METAVERSE,76
1716769750919,paho816787776597586,topic/security,METAVERSE,66
1716769750951,paho816787776597586,topic/security,METAVERSE,273
1716769750963,paho816787776597586,topic/security,METAVERSE,108
1716769750963,paho816787776597586,topic/security,METAVERSE,115
1716769750964,paho816787777153113,topic/maintenance,METAVERSE,40
1716769750968,paho816787776597586,topic/security,METAVERSE,279
1716769750981,paho816787776597586,topic/security,METAVERSE,292
1716769750984,paho816787776597586,topic/security,METAVERSE,117
1716769750986,paho816787776597586,topic/security,METAVERSE,124
1716769750990,paho816787776597586,topic/security,METAVERSE,86
1716769750992,paho816787776597586,topic/security,METAVERSE,303
1716769751020,paho816787776597586,topic/security,METAVERSE,138
1716769751023,paho816787776597586,topic/security,METAVERSE,100
1716769751040,paho816787776597586,topic/security,METAVERSE,351
1716769751040,paho816787776597586,topic/security,METAVERSE,141
1716769751040,paho816787776597586,topic/security,METAVERSE,89
1716769751056,paho816787777153113,topic/maintenance,METAVERSE,140
1716769751068,paho816787776597586,topic/security,METAVERSE,264
1716769751070,paho816787776597586,topic/security,METAVERSE,119
1716769751081,paho816787776597586,topic/security,METAVERSE,179
1716769751090,paho816787776597586,topic/security,METAVERSE,137
1716769751098,paho816787776998330,topic/d/lighting,METAVERSE,22
1716769751101,paho816787775870319,topic/d/lighting,METAVERSE,25
1716769751103,paho816787776597586,topic/security,METAVERSE,299
1716769751106,paho816787776597586,topic/security,METAVERSE,200
1716769751113,paho816787776597586,topic/security,METAVERSE,131
1716769751113,paho816787776597586,topic/security,METAVERSE,159
1716769751122,paho816787776597586,topic/security,METAVERSE,168
1716769751122,paho816787776597586,topic/security,METAVERSE,318
1716769751137,paho816787777153113,topic/maintenance,METAVERSE,18
1716769751140,paho816787776998330,topic/d/lighting,METAVERSE,16
1716769751143,paho816787775870319,topic/d/lighting,METAVERSE,19
1716769751148,paho816787776597586,topic/security,METAVERSE,218
1716769751165,paho816787776597586,topic/security,METAVERSE,361
1716769751169,paho816787776597586,topic/security,METAVERSE,239
1716769751176,paho816787776597586,topic/security,METAVERSE,371
1716769751189,paho816787776597586,topic/security,METAVERSE,186
1716769751189,paho816787776597586,topic/security,METAVERSE,164
1716769751191,paho816787776998330,topic/b/lighting,METAVERSE,54
1716769751193,paho816787775870319,topic/b/lighting,METAVERSE,56
1716769751201,paho816787776597586,topic/security,METAVERSE,268
1716769751204,paho816787776597586,topic/security,METAVERSE,213
1716769751213,paho816787777153113,topic/maintenance,METAVERSE,30
1716769751213,paho816787776597586,topic/security,METAVERSE,311
1716769751215,paho816787776597586,topic/security,METAVERSE,313
1716769751223,paho816787776597586,topic/security,METAVERSE,233
1716769751226,paho816787776597586,topic/security,METAVERSE,205
1716769751233,paho816787776597586,topic/security,METAVERSE,194
1716769751234,paho816787776597586,topic/security,METAVERSE,332
1716769751249,paho816787776597586,topic/security,METAVERSE,156
1716769751255,paho816787776597586,topic/security,METAVERSE,214
1716769751264,paho816787776597586,topic/security,METAVERSE,166
1716769751269,paho816787776597586,topic/security,METAVERSE,193
1716769751272,paho816787775870319,topic/v/rfid,METAVERSE,36
1716769751273,paho816787776597586,topic/security,METAVERSE,371
1716769751307,paho816787776828664,topic/queueing,METAVERSE,71
1716769751307,paho816787776597586,topic/security,METAVERSE,196
1716769751310,paho816787776597586,topic/security,METAVERSE,189
1716769751313,paho816787776597586,topic/security,METAVERSE,410
1716769751315,paho816787776597586,topic/security,METAVERSE,188
1716769751325,paho816787776597586,topic/security,METAVERSE,274
1716769751329,paho816787776597586,topic/security,METAVERSE,186
1716769751329,paho816787776597586,topic/security,METAVERSE,203
1716769751349,paho816787776828664,topic/occupancy,METAVERSE,113
1716769751350,paho816787776597586,topic/security,METAVERSE,355
1716769751353,paho816787776597586,topic/security,METAVERSE,190
1716769751358,paho816787776597586,topic/security,METAVERSE,270
1716769751371,paho816787776597586,topic/security,METAVERSE,221
1716769751378,paho816787776597586,topic/security,METAVERSE,194
1716769751389,paho816787776597586,topic/security,METAVERSE,385
1716769751393,paho816787777153113,topic/maintenance,METAVERSE,31
1716769751398,paho816787776597586,topic/security,METAVERSE,232
1716769751409,paho816787776597586,topic/security,METAVERSE,224
1716769751416,paho816787776597586,topic/security,METAVERSE,213
1716769751426,paho816787776597586,topic/security,METAVERSE,261
1716769751436,paho816787776597586,topic/security,METAVERSE,337
1716769751445,paho816787776597586,topic/security,METAVERSE,246
1716769751455,paho816787776597586,topic/security,METAVERSE,451
1716769751462,paho816787776597586,topic/security,METAVERSE,258
1716769751466,paho816787776597586,topic/security,METAVERSE,248
1716769751478,paho816787776597586,topic/security,METAVERSE,473
1716769751492,paho816787776597586,topic/security,METAVERSE,277
1716769751496,paho816787776597586,topic/security,METAVERSE,386
1716769751505,paho816787776597586,topic/security,METAVERSE,279
1716769751511,paho816787776597586,topic/security,METAVERSE,274
1716769751521,paho816787776597586,topic/security,METAVERSE,283
1716769751534,paho816787776597586,topic/security,METAVERSE,274
1716769751544,paho816787776597586,topic/security,METAVERSE,539
1716769751556,paho816787776597586,topic/security,METAVERSE,436
1716769751566,paho816787776597586,topic/security,METAVERSE,326
1716769751572,paho816787776597586,topic/security,METAVERSE,328
1716769751575,paho816787776597586,topic/security,METAVERSE,335
1716769751580,paho816787776597586,topic/security,METAVERSE,311
1716769751588,paho816787776998330,topic/b/lighting,METAVERSE,44
1716769751590,paho816787775870319,topic/b/lighting,METAVERSE,46
1716769751595,paho816787776597586,topic/security,METAVERSE,430
1716769751599,paho816787776597586,topic/security,METAVERSE,482
1716769751601,paho816787777153113,topic/maintenance,METAVERSE,58
1716769751611,paho816787776597586,topic/security,METAVERSE,371
1716769751616,paho816787775870319,topic/g/rfid,METAVERSE,73
1716769751616,paho816787776597586,topic/security,METAVERSE,376
1716769751637,paho816787776828664,topic/queueing,METAVERSE,94
1716769751645,paho816787776597586,topic/security,METAVERSE,528
1716769751645,paho816787776597586,topic/security,METAVERSE,447
1716769751647,paho816787776597586,topic/security,METAVERSE,357
1716769751667,paho816787775870319,topic/s/rfid,METAVERSE,19
1716769751671,paho816787776828664,topic/queueing,METAVERSE,23
1716769751688,paho816787776597586,topic/security,METAVERSE,427
1716769751688,paho816787776597586,topic/security,METAVERSE,415
1716769751688,paho816787776597586,topic/security,METAVERSE,470
1716769751689,paho816787777153113,topic/maintenance,METAVERSE,1150
1716769751689,paho816787776597586,topic/security,METAVERSE,571
1716769751691,paho816787776828664,topic/occupancy,METAVERSE,148
1716769751705,paho816787776597586,topic/security,METAVERSE,407
1716769751706,paho816787776998330,topic/e/lighting,METAVERSE,42
1716769751708,paho816787775870319,topic/e/lighting,METAVERSE,44
1716769751720,paho816787776597586,topic/security,METAVERSE,416
1716769751723,paho816787776597586,topic/security,METAVERSE,605
1716769751725,paho816787776597586,topic/security,METAVERSE,391
1716769751730,paho816787776597586,topic/security,METAVERSE,415
1716769751749,paho816787777153113,topic/maintenance,METAVERSE,93
1716769751773,paho816787776597586,topic/security,METAVERSE,530
1716769751773,paho816787776597586,topic/security,METAVERSE,423
1716769751773,paho816787776597586,topic/security,METAVERSE,440
1716769751773,paho816787776597586,topic/security,METAVERSE,453
1716769751784,paho816787776597586,topic/security,METAVERSE,666
1716769751788,paho816787776597586,topic/security,METAVERSE,424
1716769751792,paho816787777153113,topic/maintenance,METAVERSE,124
1716769751792,paho816787777153113,topic/maintenance,METAVERSE,123
1716769751792,paho816787777153113,topic/maintenance,METAVERSE,361
1716769751801,paho816787775870319,topic/e/rfid,METAVERSE,18
1716769751812,paho816787776828664,topic/queueing,METAVERSE,29
1716769751815,paho816787776597586,topic/security,METAVERSE,560
1716769751817,paho816787776828664,topic/occupancy,METAVERSE,169
1716769751853,paho816787776597586,topic/security,METAVERSE,526
1716769751862,paho816787776828664,topic/occupancy,METAVERSE,130
1716769751896,paho816787776597586,topic/security,METAVERSE,777
1716769751896,paho816787776597586,topic/security,METAVERSE,563
1716769751896,paho816787776597586,topic/security,METAVERSE,557
1716769751896,paho816787776597586,topic/security,METAVERSE,623
1716769751897,paho816787776597586,topic/security,METAVERSE,654
1716769751901,paho816787776597586,topic/security,METAVERSE,545
1716769751912,paho816787776597586,topic/security,METAVERSE,607
1716769751933,paho816787777153113,topic/maintenance,METAVERSE,29
1716769751949,paho816787777153113,topic/maintenance,METAVERSE,46
1716769751953,paho816787776828664,topic/occupancy,METAVERSE,170
1716769751956,paho816787776597586,topic/security,METAVERSE,592
1716769751956,paho816787776597586,topic/security,METAVERSE,712
1716769751956,paho816787776597586,topic/security,METAVERSE,569
1716769751956,paho816787776597586,topic/security,METAVERSE,572
1716769751956,paho816787776597586,topic/security,METAVERSE,598
1716769751956,paho816787776597586,topic/security,METAVERSE,558
1716769751972,paho816787776597586,topic/security,METAVERSE,545
1716769751973,paho816787777153113,topic/maintenance,METAVERSE,70
1716769751977,paho816787776597586,topic/security,METAVERSE,715
1716769751977,paho816787776597586,topic/security,METAVERSE,520
1716769752010,paho816787776597586,topic/security,METAVERSE,641
1716769752010,paho816787776597586,topic/security,METAVERSE,564
1716769752010,paho816787776597586,topic/security,METAVERSE,747
1716769752021,paho816787776597586,topic/security,METAVERSE,620
1716769752021,paho816787776597586,topic/security,METAVERSE,554
1716769752021,paho816787777153113,topic/maintenance,METAVERSE,106
1716769752063,paho816787776828664,topic/occupancy,METAVERSE,175
1716769752067,paho816787777153113,topic/maintenance,METAVERSE,92
1716769752097,paho816787777153113,topic/maintenance,METAVERSE,64
1716769752169,paho816787776597586,topic/security,METAVERSE,851
1716769752169,paho816787776597586,topic/security,METAVERSE,681
1716769752169,paho816787776597586,topic/security,METAVERSE,699
1716769752169,paho816787776597586,topic/security,METAVERSE,681
1716769752169,paho816787776597586,topic/security,METAVERSE,767
1716769752169,paho816787776597586,topic/security,METAVERSE,835
1716769752169,paho816787776597586,topic/security,METAVERSE,681
1716769752169,paho816787776597586,topic/security,METAVERSE,681
1716769752169,paho816787776597586,topic/security,METAVERSE,814
1716769752169,paho816787776597586,topic/security,METAVERSE,767
1716769752169,paho816787776597586,topic/security,METAVERSE,631
1716769752169,paho816787776597586,topic/security,METAVERSE,681
1716769752169,paho816787776597586,topic/security,METAVERSE,630
1716769752169,paho816787776597586,topic/security,METAVERSE,789
1716769752169,paho816787776597586,topic/security,METAVERSE,767
1716769752170,paho816787776597586,topic/security,METAVERSE,681
1716769752170,paho816787776597586,topic/security,METAVERSE,631
1716769752246,paho816787776828664,topic/occupancy,METAVERSE,108
1716769752257,paho816787777153113,topic/maintenance,METAVERSE,65
1716769752280,paho816787775870319,topic/v/rfid,METAVERSE,41
1716769752307,paho816787776828664,topic/queueing,METAVERSE,68
1716769752371,paho816787776828664,topic/occupancy,METAVERSE,132
1716769752381,paho816787777153113,topic/maintenance,METAVERSE,46
1716769752438,paho816787777153113,topic/maintenance,METAVERSE,44
1716769752449,paho816787776828664,topic/occupancy,METAVERSE,197
1716769752524,paho816787776828664,topic/occupancy,METAVERSE,190
1716769752561,paho816787776597586,topic/security,METAVERSE,1022
1716769752561,paho816787776597586,topic/security,METAVERSE,1055
1716769752561,paho816787776597586,topic/security,METAVERSE,1022
1716769752561,paho816787776597586,topic/security,METAVERSE,1180
1716769752561,paho816787776597586,topic/security,METAVERSE,1106
1716769752561,paho816787776597586,topic/security,METAVERSE,993
1716769752562,paho816787776597586,topic/security,METAVERSE,1018
1716769752562,paho816787776597586,topic/security,METAVERSE,994
1716769752562,paho816787776597586,topic/security,METAVERSE,1181
1716769752569,paho816787776597586,topic/security,METAVERSE,1011
1716769752569,paho816787776597586,topic/security,METAVERSE,1045
1716769752569,paho816787776597586,topic/security,METAVERSE,1011
1716769752569,paho816787776597586,topic/security,METAVERSE,1001
1716769752569,paho816787776597586,topic/security,METAVERSE,1001
1716769752570,paho816787776597586,topic/security,METAVERSE,1189
1716769752570,paho816787776597586,topic/security,METAVERSE,1011
1716769752570,paho816787776597586,topic/security,METAVERSE,1002
1716769752570,paho816787776597586,topic/security,METAVERSE,1007
1716769752570,paho816787776597586,topic/security,METAVERSE,1028
1716769752570,paho816787776597586,topic/security,METAVERSE,1161
1716769752570,paho816787776597586,topic/security,METAVERSE,1006
1716769752570,paho816787776597586,topic/security,METAVERSE,1002
1716769752570,paho816787776597586,topic/security,METAVERSE,1002
1716769752570,paho816787776597586,topic/security,METAVERSE,1012
1716769752570,paho816787776597586,topic/security,METAVERSE,971
1716769752570,paho816787776597586,topic/security,METAVERSE,1001
1716769752570,paho816787776597586,topic/security,METAVERSE,1148
1716769752570,paho816787776597586,topic/security,METAVERSE,969
1716769752570,paho816787776597586,topic/security,METAVERSE,1001
1716769752570,paho816787776597586,topic/security,METAVERSE,936
1716769752570,paho816787776597586,topic/security,METAVERSE,966
1716769752570,paho816787776597586,topic/security,METAVERSE,965
1716769752570,paho816787776597586,topic/security,METAVERSE,968
1716769752570,paho816787776597586,topic/security,METAVERSE,2030
1716769752570,paho816787776597586,topic/security,METAVERSE,1067
1716769752570,paho816787776597586,topic/security,METAVERSE,967
1716769752571,paho816787776597586,topic/security,METAVERSE,928
1716769752571,paho816787776597586,topic/security,METAVERSE,968
1716769752571,paho816787776597586,topic/security,METAVERSE,923
1716769752571,paho816787776597586,topic/security,METAVERSE,926
1716769752571,paho816787776597586,topic/security,METAVERSE,1066
1716769752571,paho816787776597586,topic/security,METAVERSE,929
1716769752571,paho816787776597586,topic/security,METAVERSE,920
1716769752571,paho816787776597586,topic/security,METAVERSE,902
1716769752571,paho816787776597586,topic/security,METAVERSE,899
1716769752571,paho816787776597586,topic/security,METAVERSE,928
1716769752626,paho816787775870319,topic/b/noise,METAVERSE,43
1716769752628,paho816787777153113,topic/maintenance,METAVERSE,45
1716769752629,paho816787776828664,topic/occupancy,METAVERSE,169
1716769752647,paho816787776998330,topic/b/lighting,METAVERSE,57
1716769752649,paho816787775870319,topic/b/lighting,METAVERSE,59
1716769752652,paho816787777153113,topic/maintenance,METAVERSE,69
1716769752655,paho816787776998330,topic/b/lighting,METAVERSE,62
1716769752657,paho816787775870319,topic/b/lighting,METAVERSE,64
1716769752669,paho816787777153113,topic/maintenance,METAVERSE,732
1716769752705,paho816787777153113,topic/maintenance,METAVERSE,27
1716769752722,paho816787775870319,topic/s/noise,METAVERSE,14
1716769752724,paho816787776828664,topic/occupancy,METAVERSE,134
1716769752725,paho816787777153113,topic/maintenance,METAVERSE,109
1716769752746,paho816787777153113,topic/maintenance,METAVERSE,38
1716769752780,paho816787776998330,topic/c/lighting,METAVERSE,13
1716769752782,paho816787775870319,topic/c/lighting,METAVERSE,15
1716769752789,paho816787777153113,topic/maintenance,METAVERSE,111
1716769752828,paho816787777153113,topic/maintenance,METAVERSE,198
1716769752836,paho816787776998330,topic/c/lighting,METAVERSE,18
1716769752838,paho816787775870319,topic/c/lighting,METAVERSE,20
1716769752860,paho816787777153113,topic/maintenance,METAVERSE,228
1716769752878,paho816787776828664,topic/occupancy,METAVERSE,151
1716769752909,paho816787777153113,topic/maintenance,METAVERSE,277
1716769752955,paho816787777153113,topic/maintenance,METAVERSE,323
1716769752960,paho816787776828664,topic/occupancy,METAVERSE,200
1716769753020,paho816787777153113,topic/maintenance,METAVERSE,382
1716769753040,paho816787775870319,topic/b/noise,METAVERSE,40
1716769753042,paho816787777153113,topic/maintenance,METAVERSE,42
1716769753101,paho816787777153113,topic/maintenance,METAVERSE,463
1716769753143,paho816787777153113,topic/maintenance,METAVERSE,17
1716769753147,paho816787776998330,topic/b/lighting,METAVERSE,62
1716769753149,paho816787775870319,topic/b/lighting,METAVERSE,64
1716769753174,paho816787775870319,topic/c/noise,METAVERSE,25
1716769753177,paho816787777153113,topic/maintenance,METAVERSE,28
1716769753187,paho816787777153113,topic/maintenance,METAVERSE,120
1716769753228,paho816787775870319,topic/b/noise,METAVERSE,95
1716769753228,paho816787777153113,topic/maintenance,METAVERSE,590
1716769753260,paho816787777153113,topic/maintenance,METAVERSE,127
1716769753300,paho816787777153113,topic/maintenance,METAVERSE,434
1716769753360,paho816787777153113,topic/maintenance,METAVERSE,493
1716769753428,paho816787777153113,topic/maintenance,METAVERSE,561
1716769753449,paho816787776828664,topic/occupancy,METAVERSE,213
1716769753467,paho816787777153113,topic/maintenance,METAVERSE,48
1716769753481,paho816787775870319,topic/b/rfid,METAVERSE,144
1716769753509,paho816787776597586,topic/security,METAVERSE,1857
1716769753509,paho816787776597586,topic/security,METAVERSE,1988
1716769753509,paho816787776597586,topic/security,METAVERSE,1832
1716769753509,paho816787776597586,topic/security,METAVERSE,1821
1716769753509,paho816787776597586,topic/security,METAVERSE,1837
1716769753509,paho816787776597586,topic/security,METAVERSE,1777
1716769753510,paho816787776597586,topic/security,METAVERSE,1831
1716769753511,paho816787776597586,topic/security,METAVERSE,1839
1716769753511,paho816787776597586,topic/security,METAVERSE,1820
1716769753511,paho816787776597586,topic/security,METAVERSE,1827
1716769753511,paho816787776597586,topic/security,METAVERSE,1988
1716769753511,paho816787776597586,topic/security,METAVERSE,1820
1716769753511,paho816787776597586,topic/security,METAVERSE,1838
1716769753511,paho816787776597586,topic/security,METAVERSE,1838
1716769753511,paho816787776597586,topic/security,METAVERSE,1819
1716769753511,paho816787776597586,topic/security,METAVERSE,1792
1716769753512,paho816787776597586,topic/security,METAVERSE,1989
1716769753513,paho816787776597586,topic/security,METAVERSE,1840
1716769753513,paho816787776597586,topic/security,METAVERSE,1750
1716769753513,paho816787776597586,topic/security,METAVERSE,1789
1716769753513,paho816787776597586,topic/security,METAVERSE,1790
1716769753513,paho816787776597586,topic/security,METAVERSE,1772
1716769753513,paho816787776597586,topic/security,METAVERSE,1779
1716769753513,paho816787776597586,topic/security,METAVERSE,1902
1716769753513,paho816787776597586,topic/security,METAVERSE,1731
1716769753513,paho816787776597586,topic/security,METAVERSE,1788
1716769753513,paho816787776597586,topic/security,METAVERSE,1770
1716769753514,paho816787776597586,topic/security,METAVERSE,1762
1716769753514,paho816787776597586,topic/security,METAVERSE,1789
1716769753514,paho816787776597586,topic/security,METAVERSE,1743
1716769753514,paho816787776597586,topic/security,METAVERSE,1899
1716769753515,paho816787776597586,topic/security,METAVERSE,1760
1716769753515,paho816787776597586,topic/security,METAVERSE,1790
1716769753515,paho816787776597586,topic/security,METAVERSE,1899
1716769753515,paho816787776597586,topic/security,METAVERSE,1790
1716769753515,paho816787776597586,topic/security,METAVERSE,1751
1716769753515,paho816787776597586,topic/security,METAVERSE,1675
1716769753515,paho816787776597586,topic/security,METAVERSE,1891
1716769753515,paho816787776597586,topic/security,METAVERSE,1744
1716769753515,paho816787776597586,topic/security,METAVERSE,1746
1716769753515,paho816787776597586,topic/security,METAVERSE,1698
1716769753515,paho816787776597586,topic/security,METAVERSE,1743
1716769753515,paho816787776597586,topic/security,METAVERSE,1739
1716769753515,paho816787776597586,topic/security,METAVERSE,1890
1716769753515,paho816787776597586,topic/security,METAVERSE,1743
1716769753515,paho816787776597586,topic/security,METAVERSE,1733
1716769753515,paho816787776597586,topic/security,METAVERSE,1672
1716769753515,paho816787776597586,topic/security,METAVERSE,1764
1716769753515,paho816787776597586,topic/security,METAVERSE,1740
1716769753515,paho816787776597586,topic/security,METAVERSE,1691
1716769753516,paho816787776597586,topic/security,METAVERSE,1764
1716769753516,paho816787776597586,topic/security,METAVERSE,1741
1716769753516,paho816787776597586,topic/security,METAVERSE,1684
1716769753516,paho816787776828664,topic/queueing,METAVERSE,179
1716769753517,paho816787776597586,topic/security,METAVERSE,1629
1716769753517,paho816787776597586,topic/security,METAVERSE,1760
1716769753518,paho816787776597586,topic/security,METAVERSE,1698
1716769753518,paho816787776597586,topic/security,METAVERSE,1676
1716769753518,paho816787776597586,topic/security,METAVERSE,1761
1716769753518,paho816787776597586,topic/security,METAVERSE,1697
1716769753518,paho816787776597586,topic/security,METAVERSE,1652
1716769753518,paho816787776597586,topic/security,METAVERSE,1697
1716769753518,paho816787776597586,topic/security,METAVERSE,1642
1716769753518,paho816787776597586,topic/security,METAVERSE,1754
1716769753518,paho816787776597586,topic/security,METAVERSE,1697
1716769753518,paho816787776597586,topic/security,METAVERSE,1638
1716769753518,paho816787776597586,topic/security,METAVERSE,1630
1716769753518,paho816787776597586,topic/security,METAVERSE,1643
1716769753518,paho816787776597586,topic/security,METAVERSE,1615
1716769753518,paho816787776597586,topic/security,METAVERSE,1639
1716769753518,paho816787776597586,topic/security,METAVERSE,1754
1716769753518,paho816787776597586,topic/security,METAVERSE,1624
1716769753518,paho816787776597586,topic/security,METAVERSE,1613
1716769753519,paho816787776597586,topic/security,METAVERSE,1640
1716769753520,paho816787777153113,topic/maintenance,METAVERSE,653
1716769753563,paho816787776828664,topic/occupancy,METAVERSE,226
1716769753602,paho816787777153113,topic/maintenance,METAVERSE,478
1716769753634,paho816787777153113,topic/maintenance,METAVERSE,89
1716769753654,paho816787777153113,topic/maintenance,METAVERSE,15
1716769753672,paho816787777153113,topic/maintenance,METAVERSE,64
1716769753689,paho816787777153113,topic/maintenance,METAVERSE,564
1716769753702,paho816787777153113,topic/maintenance,METAVERSE,122
1716769753733,paho816787777153113,topic/maintenance,METAVERSE,124
1716769753747,paho816787777153113,topic/maintenance,METAVERSE,107
1716769753774,paho816787777153113,topic/maintenance,METAVERSE,109
1716769753802,paho816787777153113,topic/maintenance,METAVERSE,677
1716769753805,paho816787775870319,topic/d/noise,METAVERSE,17
1716769753806,paho816787777153113,topic/maintenance,METAVERSE,91
1716769753827,paho816787777153113,topic/maintenance,METAVERSE,39
1716769753868,paho816787777153113,topic/maintenance,METAVERSE,145
1716769753868,paho816787777153113,topic/maintenance,METAVERSE,83
1716769753889,paho816787776998330,topic/v/lighting,METAVERSE,14
1716769753890,paho816787775870319,topic/v/lighting,METAVERSE,15
1716769753891,paho816787777153113,topic/maintenance,METAVERSE,572
1716769753932,paho816787776828664,topic/occupancy,METAVERSE,168
1716769753936,paho816787777153113,topic/maintenance,METAVERSE,121
1716769753963,paho816787777153113,topic/maintenance,METAVERSE,71
1716769753984,paho816787777153113,topic/maintenance,METAVERSE,665
1716769754016,paho816787776998330,topic/s/lighting,METAVERSE,19
1716769754018,paho816787775870319,topic/s/lighting,METAVERSE,21
1716769754025,paho816787777153113,topic/maintenance,METAVERSE,76
1716769754041,paho816787776828664,topic/occupancy,METAVERSE,150
1716769754048,paho816787777153113,topic/maintenance,METAVERSE,47
1716769754072,paho816787777153113,topic/maintenance,METAVERSE,66
1716769754086,paho816787777153113,topic/maintenance,METAVERSE,28
1716769754106,paho816787777153113,topic/maintenance,METAVERSE,560
1716769754124,paho816787777153113,topic/maintenance,METAVERSE,111
1716769754150,paho816787777153113,topic/maintenance,METAVERSE,124
1716769754169,paho816787777153113,topic/maintenance,METAVERSE,135
1716769754188,paho816787777153113,topic/maintenance,METAVERSE,98
1716769754212,paho816787777153113,topic/maintenance,METAVERSE,177
1716769754226,paho816787775870319,topic/v/noise,METAVERSE,44
1716769754233,paho816787777153113,topic/maintenance,METAVERSE,687
1716769754254,paho816787777153113,topic/maintenance,METAVERSE,218
1716769754264,paho816787775870319,topic/d/noise,METAVERSE,14
1716769754270,paho816787775870319,topic/e/noise,METAVERSE,93
1716769754299,paho816787777153113,topic/maintenance,METAVERSE,243
1716769754317,paho816787775870319,topic/v/rfid,METAVERSE,75
1716769754328,paho816787776828664,topic/queueing,METAVERSE,86
1716769754332,paho816787775870319,topic/c/rfid,METAVERSE,15
1716769754336,paho816787777153113,topic/maintenance,METAVERSE,209
1716769754359,paho816787777153113,topic/maintenance,METAVERSE,177
1716769754368,paho816787776828664,topic/queueing,METAVERSE,51
1716769754387,paho816787777153113,topic/maintenance,METAVERSE,331
1716769754403,paho816787776828664,topic/occupancy,METAVERSE,264
1716769754414,paho816787777153113,topic/maintenance,METAVERSE,354
1716769754420,paho816787777153113,topic/maintenance,METAVERSE,170
1716769754441,paho816787777153113,topic/maintenance,METAVERSE,264
1716769754464,paho816787777153113,topic/maintenance,METAVERSE,381
1716769754492,paho816787777153113,topic/maintenance,METAVERSE,946
1716769754514,paho816787777153113,topic/maintenance,METAVERSE,431
1716769754514,paho816787777153113,topic/maintenance,METAVERSE,424
1716769754551,paho816787777153113,topic/maintenance,METAVERSE,452
1716769754569,paho816787777153113,topic/maintenance,METAVERSE,354
1716769754585,paho816787776998330,topic/s/lighting,METAVERSE,13
1716769754588,paho816787775870319,topic/s/lighting,METAVERSE,16
1716769754593,paho816787777153113,topic/maintenance,METAVERSE,368
1716769754596,paho816787776828664,topic/occupancy,METAVERSE,354
1716769754608,paho816787777153113,topic/maintenance,METAVERSE,815
1716769754630,paho816787777153113,topic/maintenance,METAVERSE,401
1716769754656,paho816787777153113,topic/maintenance,METAVERSE,422
1716769754657,paho816787777153113,topic/maintenance,METAVERSE,410
1716769754673,paho816787777153113,topic/maintenance,METAVERSE,238
1716769754687,paho816787775870319,topic/e/noise,METAVERSE,33
1716769754696,paho816787777153113,topic/maintenance,METAVERSE,423
1716769754727,paho816787777153113,topic/maintenance,METAVERSE,934
1716769754750,paho816787777153113,topic/maintenance,METAVERSE,471
1716769754755,paho816787776828664,topic/occupancy,METAVERSE,438
1716769754774,paho816787777153113,topic/maintenance,METAVERSE,491
1716769754785,paho816787777153113,topic/maintenance,METAVERSE,281
1716769754832,paho816787777153113,topic/maintenance,METAVERSE,464
1716769754865,paho816787777153113,topic/maintenance,METAVERSE,301
1716769754882,paho816787777153113,topic/maintenance,METAVERSE,488
1716769754911,paho816787775870319,topic/e/rfid,METAVERSE,64
1716769754915,paho816787777153113,topic/maintenance,METAVERSE,491
1716769754917,paho816787776828664,topic/queueing,METAVERSE,70
1716769754951,paho816787777153113,topic/maintenance,METAVERSE,929
1716769754964,paho816787776828664,topic/occupancy,METAVERSE,665
1716769754980,paho816787775870319,topic/g/noise,METAVERSE,30
1716769754982,paho816787777153113,topic/maintenance,METAVERSE,328
1716769755008,paho816787777153113,topic/maintenance,METAVERSE,527
1716769755038,paho816787777153113,topic/maintenance,METAVERSE,406
1716769755066,paho816787777153113,topic/maintenance,METAVERSE,555
1716769755089,paho816787776998330,topic/e/lighting,METAVERSE,98
1716769755090,paho816787775870319,topic/e/lighting,METAVERSE,99
1716769755098,paho816787776828664,topic/occupancy,METAVERSE,733
1716769755124,paho816787777153113,topic/maintenance,METAVERSE,571
1716769755160,paho816787776597586,topic/security,METAVERSE,3260
1716769755160,paho816787776597586,topic/security,METAVERSE,3281
1716769755160,paho816787776597586,topic/security,METAVERSE,3239
1716769755161,paho816787776597586,topic/security,METAVERSE,3392
1716769755161,paho816787776597586,topic/security,METAVERSE,3282
1716769755161,paho816787776597586,topic/security,METAVERSE,3229
1716769755161,paho816787776597586,topic/security,METAVERSE,3297
1716769755161,paho816787776597586,topic/security,METAVERSE,3281
1716769755161,paho816787776597586,topic/security,METAVERSE,3296
1716769755161,paho816787776597586,topic/security,METAVERSE,3221
1716769755161,paho816787776597586,topic/security,METAVERSE,3281
1716769755161,paho816787776597586,topic/security,METAVERSE,3157
1716769755161,paho816787776597586,topic/security,METAVERSE,3296
1716769755161,paho816787776597586,topic/security,METAVERSE,3232
1716769755161,paho816787776597586,topic/security,METAVERSE,3214
1716769755161,paho816787776597586,topic/security,METAVERSE,3296
1716769755161,paho816787776597586,topic/security,METAVERSE,3208
1716769755161,paho816787776597586,topic/security,METAVERSE,3231
1716769755161,paho816787776597586,topic/security,METAVERSE,3156
1716769755162,paho816787776597586,topic/security,METAVERSE,3287
1716769755162,paho816787776597586,topic/security,METAVERSE,3206
1716769755162,paho816787776597586,topic/security,METAVERSE,3232
1716769755162,paho816787776597586,topic/security,METAVERSE,3138
1716769755162,paho816787776597586,topic/security,METAVERSE,3287
1716769755162,paho816787776597586,topic/security,METAVERSE,3196
1716769755162,paho816787776597586,topic/security,METAVERSE,3232
1716769755162,paho816787776597586,topic/security,METAVERSE,3138
1716769755166,paho816787777153113,topic/maintenance,METAVERSE,644
1716769755169,paho816787776998330,topic/g/lighting,METAVERSE,31
1716769755170,paho816787775870319,topic/g/lighting,METAVERSE,32
1716769755186,paho816787777153113,topic/maintenance,METAVERSE,632
1716769755227,paho816787777153113,topic/maintenance,METAVERSE,1205
1716769755255,paho816787777153113,topic/maintenance,METAVERSE,701
1716769755267,paho816787775870319,topic/s/noise,METAVERSE,23
1716769755272,paho816787776828664,topic/occupancy,METAVERSE,663
1716769755281,paho816787777153113,topic/maintenance,METAVERSE,714
1716769755286,paho816787776998330,topic/g/lighting,METAVERSE,39
1716769755287,paho816787775870319,topic/g/lighting,METAVERSE,40
1716769755333,paho816787777153113,topic/maintenance,METAVERSE,760
1716769755362,paho816787777153113,topic/maintenance,METAVERSE,751
1716769755395,paho816787777153113,topic/maintenance,METAVERSE,714
1716769755428,paho816787777153113,topic/maintenance,METAVERSE,736
1716769755448,paho816787777153113,topic/maintenance,METAVERSE,1426
1716769755466,paho816787777153113,topic/maintenance,METAVERSE,701
1716769755479,paho816787776828664,topic/occupancy,METAVERSE,873
1716769755506,paho816787777153113,topic/maintenance,METAVERSE,810
1716769755532,paho816787777153113,topic/maintenance,METAVERSE,721
1716769755580,paho816787775870319,topic/g/noise,METAVERSE,33
1716769755605,paho816787777153113,topic/maintenance,METAVERSE,866
1716769755608,paho816787775870319,topic/b/noise,METAVERSE,112
1716769755610,paho816787775870319,topic/g/rfid,METAVERSE,63
1716769755611,paho816787776828664,topic/queueing,METAVERSE,64
1716769755652,paho816787777153113,topic/maintenance,METAVERSE,888
1716769755680,paho816787777153113,topic/maintenance,METAVERSE,730
1716769755704,paho816787776828664,topic/occupancy,METAVERSE,949
1716769755704,paho816787777153113,topic/maintenance,METAVERSE,900
1716769755744,paho816787777153113,topic/maintenance,METAVERSE,912
1716769755768,paho816787777153113,topic/maintenance,METAVERSE,1456
1716769755784,paho816787777153113,topic/maintenance,METAVERSE,926
1716769755835,paho816787777153113,topic/maintenance,METAVERSE,808
1716769755844,paho816787777153113,topic/maintenance,METAVERSE,968
1716769755890,paho816787777153113,topic/maintenance,METAVERSE,998
1716769755906,paho816787777153113,topic/maintenance,METAVERSE,1010
1716769755929,paho816787776828664,topic/occupancy,METAVERSE,1097
1716769755948,paho816787777153113,topic/maintenance,METAVERSE,1044
1716769755948,paho816787777153113,topic/maintenance,METAVERSE,858
1716769755959,paho816787777153113,topic/maintenance,METAVERSE,1002
1716769755961,paho816787777153113,topic/maintenance,METAVERSE,1649
1716769756011,paho816787777153113,topic/maintenance,METAVERSE,877
1716769756052,paho816787777153113,topic/maintenance,METAVERSE,1087
1716769756053,paho816787777153113,topic/maintenance,METAVERSE,1053
1716769756058,paho816787777153113,topic/maintenance,METAVERSE,1043
1716769756078,paho816787777153113,topic/maintenance,METAVERSE,936
1716769756083,paho816787777153113,topic/maintenance,METAVERSE,1030
1716769756108,paho816787777153113,topic/maintenance,METAVERSE,1039
1716769756113,paho816787776828664,topic/occupancy,METAVERSE,1266
1716769756145,paho816787775870319,topic/d/lighting,METAVERSE,13
1716769756145,paho816787776998330,topic/d/lighting,METAVERSE,13
1716769756156,paho816787777153113,topic/maintenance,METAVERSE,1048
1716769756156,paho816787777153113,topic/maintenance,METAVERSE,1026
1716769756157,paho816787777153113,topic/maintenance,METAVERSE,913
1716769756165,paho816787776998330,topic/d/lighting,METAVERSE,34
1716769756166,paho816787775870319,topic/d/lighting,METAVERSE,35
1716769756190,paho816787777153113,topic/maintenance,METAVERSE,1878
1716769756250,paho816787776998330,topic/b/lighting,METAVERSE,107
1716769756251,paho816787775870319,topic/b/lighting,METAVERSE,108
1716769756251,paho816787777153113,topic/maintenance,METAVERSE,1084
1716769756260,paho816787776828664,topic/occupancy,METAVERSE,972
1716769756296,paho816787777153113,topic/maintenance,METAVERSE,1112
1716769756296,paho816787777153113,topic/maintenance,METAVERSE,1047
1716769756328,paho816787777153113,topic/maintenance,METAVERSE,1053
1716769756384,paho816787777153113,topic/maintenance,METAVERSE,1076
1716769756404,paho816787775870319,topic/c/rfid,METAVERSE,56
1716769756412,paho816787776828664,topic/queueing,METAVERSE,64
1716769756432,paho816787777153113,topic/maintenance,METAVERSE,1138
1716769756432,paho816787777153113,topic/maintenance,METAVERSE,1112
1716769756461,paho816787777153113,topic/maintenance,METAVERSE,1844
1716769756517,paho816787777153113,topic/maintenance,METAVERSE,1185
1716769756548,paho816787776828664,topic/occupancy,METAVERSE,1001
1716769756548,paho816787777153113,topic/maintenance,METAVERSE,1175
1716769756548,paho816787777153113,topic/maintenance,METAVERSE,1148
1716769756556,paho816787777153113,topic/maintenance,METAVERSE,1117
1716769756670,paho816787777153113,topic/maintenance,METAVERSE,2053
1716769756676,paho816787776998330,topic/b/lighting,METAVERSE,101
1716769756677,paho816787775870319,topic/b/lighting,METAVERSE,102
1716769756762,paho816787776998330,topic/e/lighting,METAVERSE,74
1716769756762,paho816787775870319,topic/e/lighting,METAVERSE,74
1716769756762,paho816787777153113,topic/maintenance,METAVERSE,1293
1716769756776,paho816787777153113,topic/maintenance,METAVERSE,1320
1716769756808,paho816787776828664,topic/occupancy,METAVERSE,1042
1716769756809,paho816787777153113,topic/maintenance,METAVERSE,1305
1716769756913,paho816787777153113,topic/maintenance,METAVERSE,1366
1716769756936,paho816787777153113,topic/maintenance,METAVERSE,1419
1716769756951,paho816787777153113,topic/maintenance,METAVERSE,1455
1716769756958,paho816787777153113,topic/maintenance,METAVERSE,2019
1716769757000,paho816787777153113,topic/maintenance,METAVERSE,1430
1716769757000,paho816787777153113,topic/maintenance,METAVERSE,1398
1716769757001,paho816787776828664,topic/occupancy,METAVERSE,1097
1716769757001,paho816787777153113,topic/maintenance,METAVERSE,2056
1716769757025,paho816787777153113,topic/maintenance,METAVERSE,1362
1716769757092,paho816787775870319,topic/d/rfid,METAVERSE,14
1716769757093,paho816787777153113,topic/maintenance,METAVERSE,1430
1716769757133,paho816787776828664,topic/queueing,METAVERSE,55
1716769757140,paho816787777153113,topic/maintenance,METAVERSE,1488
1716769757168,paho816787777153113,topic/maintenance,METAVERSE,1448
1716769757185,paho816787776828664,topic/occupancy,METAVERSE,1045
1716769757186,paho816787777153113,topic/maintenance,METAVERSE,1448
1716769757200,paho816787777153113,topic/maintenance,METAVERSE,1457
1716769757217,paho816787777153113,topic/maintenance,METAVERSE,2272
1716769757234,paho816787777153113,topic/maintenance,METAVERSE,1459
1716769757280,paho816787777153113,topic/maintenance,METAVERSE,1483
1716769757280,paho816787777153113,topic/maintenance,METAVERSE,1470
1716769757307,paho816787777153113,topic/maintenance,METAVERSE,1455
1716769757321,paho816787777153113,topic/maintenance,METAVERSE,1492
1716769757328,paho816787777153113,topic/maintenance,METAVERSE,2080
1716769757394,paho816787776828664,topic/occupancy,METAVERSE,1046
1716769757633,paho816787777153113,topic/maintenance,METAVERSE,1796
1716769757633,paho816787777153113,topic/maintenance,METAVERSE,1746
1716769757633,paho816787777153113,topic/maintenance,METAVERSE,1688
1716769757633,paho816787777153113,topic/maintenance,METAVERSE,2385
1716769757633,paho816787777153113,topic/maintenance,METAVERSE,1570
1716769757633,paho816787777153113,topic/maintenance,METAVERSE,1630
1716769757633,paho816787777153113,topic/maintenance,METAVERSE,2065
1716769757633,paho816787777153113,topic/maintenance,METAVERSE,1570
1716769757633,paho816787777153113,topic/maintenance,METAVERSE,1566
1716769757633,paho816787777153113,topic/maintenance,METAVERSE,1553
1716769757633,paho816787777153113,topic/maintenance,METAVERSE,1549
1716769757633,paho816787777153113,topic/maintenance,METAVERSE,1545
1716769757633,paho816787777153113,topic/maintenance,METAVERSE,1523
1716769757633,paho816787777153113,topic/maintenance,METAVERSE,1475
1716769757640,paho816787776828664,topic/occupancy,METAVERSE,1257
1716769757735,paho816787775870319,topic/b/noise,METAVERSE,148
1716769757739,paho816787775870319,topic/s/noise,METAVERSE,16
1716769757771,paho816787776998330,topic/b/lighting,METAVERSE,168
1716769757773,paho816787775870319,topic/b/lighting,METAVERSE,170
1716769757803,paho816787776998330,topic/c/lighting,METAVERSE,13
1716769757804,paho816787775870319,topic/c/lighting,METAVERSE,14
1716769757810,paho816787776998330,topic/b/lighting,METAVERSE,200
1716769757810,paho816787775870319,topic/b/lighting,METAVERSE,200
1716769757844,paho816787776828664,topic/occupancy,METAVERSE,1501
1716769757848,paho816787776998330,topic/c/lighting,METAVERSE,21
1716769757848,paho816787775870319,topic/c/lighting,METAVERSE,21
1716769757961,paho816787776597586,topic/security,METAVERSE,5958
1716769757961,paho816787776597586,topic/security,METAVERSE,5937
1716769757961,paho816787776597586,topic/security,METAVERSE,5974
1716769757961,paho816787776597586,topic/security,METAVERSE,5935
1716769757961,paho816787776597586,topic/security,METAVERSE,5936
1716769757961,paho816787776597586,topic/security,METAVERSE,5973
1716769757961,paho816787776597586,topic/security,METAVERSE,5929
1716769757961,paho816787776597586,topic/security,METAVERSE,5925
1716769757961,paho816787776597586,topic/security,METAVERSE,5936
1716769757961,paho816787776597586,topic/security,METAVERSE,5970
1716769757962,paho816787776597586,topic/security,METAVERSE,5902
1716769757962,paho816787776597586,topic/security,METAVERSE,5918
1716769757962,paho816787776597586,topic/security,METAVERSE,5970
1716769757962,paho816787776597586,topic/security,METAVERSE,5936
1716769757962,paho816787776597586,topic/security,METAVERSE,5899
1716769757962,paho816787776597586,topic/security,METAVERSE,5970
1716769757962,paho816787776597586,topic/security,METAVERSE,5897
1716769757962,paho816787776597586,topic/security,METAVERSE,5929
1716769757962,paho816787776597586,topic/security,METAVERSE,5888
1716769757962,paho816787776597586,topic/security,METAVERSE,5860
1716769757962,paho816787776597586,topic/security,METAVERSE,5883
1716769757962,paho816787776597586,topic/security,METAVERSE,5896
1716769757962,paho816787776597586,topic/security,METAVERSE,5929
1716769757962,paho816787776597586,topic/security,METAVERSE,5865
1716769757963,paho816787776597586,topic/security,METAVERSE,5929
1716769757963,paho816787776597586,topic/security,METAVERSE,5896
1716769757964,paho816787776597586,topic/security,METAVERSE,5865
1716769757964,paho816787776597586,topic/security,METAVERSE,5862
1716769757964,paho816787776597586,topic/security,METAVERSE,5930
1716769757964,paho816787776597586,topic/security,METAVERSE,5847
1716769757964,paho816787776597586,topic/security,METAVERSE,5836
1716769757964,paho816787776597586,topic/security,METAVERSE,5930
1716769757964,paho816787776597586,topic/security,METAVERSE,5823
1716769757964,paho816787776597586,topic/security,METAVERSE,5820
1716769757964,paho816787776597586,topic/security,METAVERSE,5826
1716769757964,paho816787776597586,topic/security,METAVERSE,5836
1716769757964,paho816787776597586,topic/security,METAVERSE,5865
1716769757964,paho816787776597586,topic/security,METAVERSE,5794
1716769757964,paho816787776597586,topic/security,METAVERSE,5820
1716769757964,paho816787776597586,topic/security,METAVERSE,5864
1716769757964,paho816787776597586,topic/security,METAVERSE,5835
1716769757964,paho816787776597586,topic/security,METAVERSE,5819
1716769757964,paho816787776597586,topic/security,METAVERSE,5825
1716769757964,paho816787776597586,topic/security,METAVERSE,5864
1716769757964,paho816787776597586,topic/security,METAVERSE,5819
1716769757964,paho816787776597586,topic/security,METAVERSE,5818
1716769757964,paho816787776597586,topic/security,METAVERSE,5835
1716769757964,paho816787776597586,topic/security,METAVERSE,5818
1716769757964,paho816787776597586,topic/security,METAVERSE,5789
1716769757964,paho816787776597586,topic/security,METAVERSE,5834
1716769757964,paho816787776597586,topic/security,METAVERSE,5771
1716769757964,paho816787776597586,topic/security,METAVERSE,5834
1716769757964,paho816787776597586,topic/security,METAVERSE,5787
1716769757964,paho816787776597586,topic/security,METAVERSE,5772
1716769757964,paho816787776597586,topic/security,METAVERSE,5755
1716769757965,paho816787776597586,topic/security,METAVERSE,5835
1716769757965,paho816787776597586,topic/security,METAVERSE,5755
1716769757965,paho816787776597586,topic/security,METAVERSE,5713
1716769757965,paho816787776597586,topic/security,METAVERSE,5755
1716769757965,paho816787776597586,topic/security,METAVERSE,5835
1716769757965,paho816787776597586,topic/security,METAVERSE,5700
1716769757965,paho816787776597586,topic/security,METAVERSE,5755
1716769757965,paho816787776597586,topic/security,METAVERSE,5835
1716769757965,paho816787776597586,topic/security,METAVERSE,5754
1716769757965,paho816787776597586,topic/security,METAVERSE,5763
1716769757965,paho816787776597586,topic/security,METAVERSE,5753
1716769757965,paho816787776597586,topic/security,METAVERSE,5713
1716769757965,paho816787776597586,topic/security,METAVERSE,5763
1716769757965,paho816787776597586,topic/security,METAVERSE,5677
1716769757965,paho816787776597586,topic/security,METAVERSE,5706
1716769757965,paho816787776597586,topic/security,METAVERSE,5763
1716769757965,paho816787776597586,topic/security,METAVERSE,5694
1716769757965,paho816787776597586,topic/security,METAVERSE,5763
1716769757965,paho816787776597586,topic/security,METAVERSE,5690
1716769757965,paho816787776597586,topic/security,METAVERSE,5762
1716769757965,paho816787776597586,topic/security,METAVERSE,5631
1716769757965,paho816787776597586,topic/security,METAVERSE,5677
1716769757965,paho816787776597586,topic/security,METAVERSE,5660
1716769757965,paho816787776597586,topic/security,METAVERSE,5702
1716769757966,paho816787776597586,topic/security,METAVERSE,5713
1716769757966,paho816787776597586,topic/security,METAVERSE,5677
1716769757966,paho816787776597586,topic/security,METAVERSE,5702
1716769757966,paho816787776597586,topic/security,METAVERSE,5674
1716769757966,paho816787776597586,topic/security,METAVERSE,5702
1716769757967,paho816787776597586,topic/security,METAVERSE,5703
1716769757967,paho816787776597586,topic/security,METAVERSE,5675
1716769757967,paho816787776597586,topic/security,METAVERSE,5703
1716769757967,paho816787776597586,topic/security,METAVERSE,5673
1716769757967,paho816787776597586,topic/security,METAVERSE,5615
1716769757967,paho816787776597586,topic/security,METAVERSE,5702
1716769757967,paho816787776597586,topic/security,METAVERSE,5640
1716769757967,paho816787776597586,topic/security,METAVERSE,5620
1716769757967,paho816787776597586,topic/security,METAVERSE,5639
1716769757967,paho816787776597586,topic/security,METAVERSE,5557
1716769757967,paho816787776597586,topic/security,METAVERSE,5638
1716769757967,paho816787776597586,topic/security,METAVERSE,5619
1716769757967,paho816787776597586,topic/security,METAVERSE,5564
1716769757967,paho816787776597586,topic/security,METAVERSE,5638
1716769757967,paho816787776597586,topic/security,METAVERSE,5556
1716769757967,paho816787776597586,topic/security,METAVERSE,5539
1716769757967,paho816787776597586,topic/security,METAVERSE,5555
1716769757967,paho816787776597586,topic/security,METAVERSE,5638
1716769757967,paho816787776597586,topic/security,METAVERSE,5540
1716769757967,paho816787776597586,topic/security,METAVERSE,5612
1716769757967,paho816787776597586,topic/security,METAVERSE,5554
1716769757967,paho816787776597586,topic/security,METAVERSE,5545
1716769757967,paho816787776597586,topic/security,METAVERSE,5612
1716769757967,paho816787776597586,topic/security,METAVERSE,5507
1716769757967,paho816787776597586,topic/security,METAVERSE,5610
1716769757967,paho816787776597586,topic/security,METAVERSE,5506
1716769757967,paho816787776597586,topic/security,METAVERSE,5540
1716769757967,paho816787776597586,topic/security,METAVERSE,5486
1716769757967,paho816787776597586,topic/security,METAVERSE,5597
1716769757968,paho816787776597586,topic/security,METAVERSE,5525
1716769757968,paho816787776597586,topic/security,METAVERSE,5560
1716769757968,paho816787776597586,topic/security,METAVERSE,5524
1716769757968,paho816787776597586,topic/security,METAVERSE,5559
1716769757968,paho816787776597586,topic/security,METAVERSE,5524
1716769757968,paho816787776597586,topic/security,METAVERSE,5558
1716769757968,paho816787776597586,topic/security,METAVERSE,5523
1716769757968,paho816787776597586,topic/security,METAVERSE,5458
1716769757968,paho816787776597586,topic/security,METAVERSE,5558
1716769757968,paho816787776597586,topic/security,METAVERSE,5485
1716769757969,paho816787776597586,topic/security,METAVERSE,5510
1716769757969,paho816787776597586,topic/security,METAVERSE,5485
1716769757969,paho816787776597586,topic/security,METAVERSE,5509
1716769757969,paho816787776597586,topic/security,METAVERSE,5509
1716769757969,paho816787776597586,topic/security,METAVERSE,5508
1716769757969,paho816787776597586,topic/security,METAVERSE,5481
1716769757969,paho816787776597586,topic/security,METAVERSE,5441
1716769757969,paho816787776597586,topic/security,METAVERSE,5508
1716769757969,paho816787776597586,topic/security,METAVERSE,5479
1716769757969,paho816787776597586,topic/security,METAVERSE,5440
1716769757969,paho816787776597586,topic/security,METAVERSE,5504
1716769757969,paho816787776597586,topic/security,METAVERSE,5478
1716769757969,paho816787776597586,topic/security,METAVERSE,5504
1716769757969,paho816787776597586,topic/security,METAVERSE,5448
1716769757969,paho816787776597586,topic/security,METAVERSE,5390
1716769757969,paho816787776597586,topic/security,METAVERSE,5428
1716769757969,paho816787776597586,topic/security,METAVERSE,5435
1716769757969,paho816787776597586,topic/security,METAVERSE,5428
1716769757970,paho816787776597586,topic/security,METAVERSE,5426
1716769757970,paho816787776597586,topic/security,METAVERSE,5429
1716769757970,paho816787776597586,topic/security,METAVERSE,6017
1716769757970,paho816787776597586,topic/security,METAVERSE,5419
1716769757970,paho816787776597586,topic/security,METAVERSE,5428
1716769757970,paho816787776597586,topic/security,METAVERSE,5418
1716769757970,paho816787776597586,topic/security,METAVERSE,5427
1716769757970,paho816787776597586,topic/security,METAVERSE,5426
1716769757970,paho816787776597586,topic/security,METAVERSE,5415
1716769757970,paho816787776597586,topic/security,METAVERSE,5334
1716769757970,paho816787776597586,topic/security,METAVERSE,5426
1716769757970,paho816787776597586,topic/security,METAVERSE,6031
1716769757970,paho816787776597586,topic/security,METAVERSE,5375
1716769757970,paho816787776597586,topic/security,METAVERSE,5380
1716769757970,paho816787776597586,topic/security,METAVERSE,5426
1716769757971,paho816787776597586,topic/security,METAVERSE,5336
1716769757971,paho816787776597586,topic/security,METAVERSE,5369
1716769757971,paho816787776597586,topic/security,METAVERSE,5378
1716769757971,paho816787776597586,topic/security,METAVERSE,5367
1716769757971,paho816787776597586,topic/security,METAVERSE,5364
1716769757971,paho816787776597586,topic/security,METAVERSE,5377
1716769757971,paho816787776597586,topic/security,METAVERSE,5365
1716769757971,paho816787776597586,topic/security,METAVERSE,5337
1716769757971,paho816787776597586,topic/security,METAVERSE,5328
1716769757971,paho816787776597586,topic/security,METAVERSE,5287
1716769757971,paho816787776597586,topic/security,METAVERSE,5335
1716769757972,paho816787776597586,topic/security,METAVERSE,5365
1716769757972,paho816787776597586,topic/security,METAVERSE,5375
1716769757972,paho816787776597586,topic/security,METAVERSE,5361
1716769757972,paho816787776597586,topic/security,METAVERSE,5336
1716769757972,paho816787776597586,topic/security,METAVERSE,5294
1716769757987,paho816787776597586,topic/security,METAVERSE,5347
1716769757987,paho816787776597586,topic/security,METAVERSE,5351
1716769757987,paho816787776597586,topic/security,METAVERSE,5304
1716769757987,paho816787776597586,topic/security,METAVERSE,5275
1716769757987,paho816787776597586,topic/security,METAVERSE,5347
1716769757987,paho816787776597586,topic/security,METAVERSE,5317
1716769757987,paho816787776597586,topic/security,METAVERSE,5390
1716769757987,paho816787776597586,topic/security,METAVERSE,5347
1716769757987,paho816787776597586,topic/security,METAVERSE,5300
1716769757987,paho816787776597586,topic/security,METAVERSE,5313
1716769757987,paho816787776597586,topic/security,METAVERSE,5300
1716769757987,paho816787776597586,topic/security,METAVERSE,5260
1716769757987,paho816787776597586,topic/security,METAVERSE,5347
1716769757987,paho816787776597586,topic/security,METAVERSE,5309
1716769757987,paho816787776597586,topic/security,METAVERSE,5260
1716769757987,paho816787776597586,topic/security,METAVERSE,5295
1716769757987,paho816787776597586,topic/security,METAVERSE,5346
1716769757987,paho816787776597586,topic/security,METAVERSE,5390
1716769757987,paho816787776597586,topic/security,METAVERSE,5294
1716769757988,paho816787776597586,topic/security,METAVERSE,5228
1716769757988,paho816787776597586,topic/security,METAVERSE,5293
1716769757988,paho816787776597586,topic/security,METAVERSE,5297
1716769757988,paho816787776597586,topic/security,METAVERSE,5284
1716769757988,paho816787776597586,topic/security,METAVERSE,5296
1716769757988,paho816787776597586,topic/security,METAVERSE,5226
1716769757988,paho816787776597586,topic/security,METAVERSE,5391
1716769757988,paho816787776597586,topic/security,METAVERSE,5245
1716769757988,paho816787776597586,topic/security,METAVERSE,5296
1716769758004,paho816787776597586,topic/security,METAVERSE,5297
1716769758004,paho816787776597586,topic/security,METAVERSE,5242
1716769758004,paho816787776597586,topic/security,METAVERSE,5312
1716769758004,paho816787776597586,topic/security,METAVERSE,5295
1716769758004,paho816787776597586,topic/security,METAVERSE,5276
1716769758004,paho816787776597586,topic/security,METAVERSE,5399
1716769758004,paho816787776597586,topic/security,METAVERSE,5312
1716769758004,paho816787776597586,topic/security,METAVERSE,5244
1716769758004,paho816787776597586,topic/security,METAVERSE,5224
1716769758004,paho816787776597586,topic/security,METAVERSE,5243
1716769758004,paho816787776597586,topic/security,METAVERSE,5185
1716769758004,paho816787776597586,topic/security,METAVERSE,5190
1716769758004,paho816787776597586,topic/security,METAVERSE,5243
1716769758004,paho816787776597586,topic/security,METAVERSE,5201
1716769758004,paho816787776597586,topic/security,METAVERSE,5398
1716769758004,paho816787776597586,topic/security,METAVERSE,5243
1716769758004,paho816787776597586,topic/security,METAVERSE,5189
1716769758004,paho816787776597586,topic/security,METAVERSE,5186
1716769758004,paho816787776597586,topic/security,METAVERSE,5398
1716769758092,paho816787776828664,topic/occupancy,METAVERSE,1432
1716769758125,paho816787775870319,topic/b/noise,METAVERSE,125
1716769758202,paho816787775870319,topic/c/noise,METAVERSE,15
1716769758210,paho816787776998330,topic/b/lighting,METAVERSE,86
1716769758210,paho816787775870319,topic/b/lighting,METAVERSE,86
1716769758237,paho816787777153113,topic/maintenance,METAVERSE,2066
1716769758237,paho816787777153113,topic/maintenance,METAVERSE,2668
1716769758237,paho816787777153113,topic/maintenance,METAVERSE,2064
1716769758238,paho816787777153113,topic/maintenance,METAVERSE,2062
1716769758238,paho816787777153113,topic/maintenance,METAVERSE,2033
1716769758238,paho816787777153113,topic/maintenance,METAVERSE,2014
1716769758238,paho816787777153113,topic/maintenance,METAVERSE,1984
1716769758238,paho816787777153113,topic/maintenance,METAVERSE,1977
1716769758238,paho816787777153113,topic/maintenance,METAVERSE,1952
1716769758238,paho816787777153113,topic/maintenance,METAVERSE,1943
1716769758238,paho816787777153113,topic/maintenance,METAVERSE,2669
1716769758238,paho816787777153113,topic/maintenance,METAVERSE,1931
1716769758238,paho816787777153113,topic/maintenance,METAVERSE,1920
1716769758238,paho816787777153113,topic/maintenance,METAVERSE,1872
1716769758238,paho816787777153113,topic/maintenance,METAVERSE,1869
1716769758238,paho816787777153113,topic/maintenance,METAVERSE,1815
1716769758238,paho816787777153113,topic/maintenance,METAVERSE,1800
1716769758238,paho816787777153113,topic/maintenance,METAVERSE,2409
1716769758238,paho816787777153113,topic/maintenance,METAVERSE,1781
1716769758238,paho816787777153113,topic/maintenance,METAVERSE,1751
1716769758238,paho816787777153113,topic/maintenance,METAVERSE,1771
1716769758238,paho816787777153113,topic/maintenance,METAVERSE,1746
1716769758240,paho816787777153113,topic/maintenance,METAVERSE,1730
1716769758264,paho816787776828664,topic/occupancy,METAVERSE,1653
1716769758331,paho816787775870319,topic/b/noise,METAVERSE,152
1716769758495,paho816787776828664,topic/occupancy,METAVERSE,1704
1716769758567,paho816787775870319,topic/g/rfid,METAVERSE,13
1716769758574,paho816787776828664,topic/queueing,METAVERSE,20
1716769758642,paho816787776828664,topic/occupancy,METAVERSE,1801
1716769758801,paho816787775870319,topic/d/noise,METAVERSE,13
1716769758895,paho816787776828664,topic/occupancy,METAVERSE,1817
1716769758897,paho816787775870319,topic/v/lighting,METAVERSE,13
1716769758897,paho816787776998330,topic/v/lighting,METAVERSE,13
1716769759029,paho816787775870319,topic/s/lighting,METAVERSE,13
1716769759030,paho816787776998330,topic/s/lighting,METAVERSE,14
1716769759074,paho816787776828664,topic/occupancy,METAVERSE,1779
1716769759234,paho816787775870319,topic/v/noise,METAVERSE,29
1716769759269,paho816787776828664,topic/occupancy,METAVERSE,1485
1716769759288,paho816787775870319,topic/e/noise,METAVERSE,110
1716769759310,paho816787775870319,topic/d/noise,METAVERSE,18
1716769759393,paho816787776828664,topic/occupancy,METAVERSE,1453
1716769759428,paho816787775870319,topic/c/rfid,METAVERSE,31
1716769759452,paho816787776828664,topic/queueing,METAVERSE,55
1716769759555,paho816787776828664,topic/occupancy,METAVERSE,1372
1716769759617,paho816787776998330,topic/s/lighting,METAVERSE,25
1716769759617,paho816787775870319,topic/s/lighting,METAVERSE,25
1716769759645,paho816787777153113,topic/maintenance,METAVERSE,3121
1716769759645,paho816787777153113,topic/maintenance,METAVERSE,3115
1716769759645,paho816787777153113,topic/maintenance,METAVERSE,3105
1716769759645,paho816787777153113,topic/maintenance,METAVERSE,3102
1716769759645,paho816787777153113,topic/maintenance,METAVERSE,3815
1716769759645,paho816787777153113,topic/maintenance,METAVERSE,3056
1716769759645,paho816787777153113,topic/maintenance,METAVERSE,2988
1716769759645,paho816787777153113,topic/maintenance,METAVERSE,3037
1716769759645,paho816787777153113,topic/maintenance,METAVERSE,3019
1716769759645,paho816787777153113,topic/maintenance,METAVERSE,3013
1716769759645,paho816787777153113,topic/maintenance,METAVERSE,3003
1716769759645,paho816787777153113,topic/maintenance,METAVERSE,2998
1716769759645,paho816787777153113,topic/maintenance,METAVERSE,3033
1716769759645,paho816787777153113,topic/maintenance,METAVERSE,2967
1716769759645,paho816787777153113,topic/maintenance,METAVERSE,3807
1716769759645,paho816787777153113,topic/maintenance,METAVERSE,2966
1716769759645,paho816787777153113,topic/maintenance,METAVERSE,2962
1716769759645,paho816787777153113,topic/maintenance,METAVERSE,2950
1716769759645,paho816787777153113,topic/maintenance,METAVERSE,2927
1716769759645,paho816787777153113,topic/maintenance,METAVERSE,2853
1716769759645,paho816787777153113,topic/maintenance,METAVERSE,2806
1716769759645,paho816787777153113,topic/maintenance,METAVERSE,2795
1716769759645,paho816787777153113,topic/maintenance,METAVERSE,2777
1716769759645,paho816787777153113,topic/maintenance,METAVERSE,2834
1716769759645,paho816787777153113,topic/maintenance,METAVERSE,2747
1716769759645,paho816787777153113,topic/maintenance,METAVERSE,3584
1716769759645,paho816787777153113,topic/maintenance,METAVERSE,2711
1716769759645,paho816787777153113,topic/maintenance,METAVERSE,2693
1716769759645,paho816787777153113,topic/maintenance,METAVERSE,2649
1716769759645,paho816787777153113,topic/maintenance,METAVERSE,2707
1716769759645,paho816787777153113,topic/maintenance,METAVERSE,3564
1716769759646,paho816787777153113,topic/maintenance,METAVERSE,2612
1716769759646,paho816787777153113,topic/maintenance,METAVERSE,2592
1716769759646,paho816787777153113,topic/maintenance,METAVERSE,2566
1716769759646,paho816787777153113,topic/maintenance,METAVERSE,2567
1716769759646,paho816787777153113,topic/maintenance,METAVERSE,2534
1716769759646,paho816787777153113,topic/maintenance,METAVERSE,2504
1716769759646,paho816787777153113,topic/maintenance,METAVERSE,3233
1716769759646,paho816787777153113,topic/maintenance,METAVERSE,2511
1716769759646,paho816787777153113,topic/maintenance,METAVERSE,2494
1716769759646,paho816787777153113,topic/maintenance,METAVERSE,2494
1716769759646,paho816787777153113,topic/maintenance,METAVERSE,2493
1716769759646,paho816787777153113,topic/maintenance,METAVERSE,2489
1716769759646,paho816787777153113,topic/maintenance,METAVERSE,2473
1716769759646,paho816787777153113,topic/maintenance,METAVERSE,2464
1716769759646,paho816787777153113,topic/maintenance,METAVERSE,2411
1716769759646,paho816787777153113,topic/maintenance,METAVERSE,2450
1716769759646,paho816787777153113,topic/maintenance,METAVERSE,2435
1716769759646,paho816787777153113,topic/maintenance,METAVERSE,2433
1716769759646,paho816787777153113,topic/maintenance,METAVERSE,2424
1716769759646,paho816787777153113,topic/maintenance,METAVERSE,2409
1716769759646,paho816787777153113,topic/maintenance,METAVERSE,3233
1716769759646,paho816787777153113,topic/maintenance,METAVERSE,2408
1716769759646,paho816787777153113,topic/maintenance,METAVERSE,2404
1716769759646,paho816787777153113,topic/maintenance,METAVERSE,2403
1716769759646,paho816787777153113,topic/maintenance,METAVERSE,2390
1716769759646,paho816787777153113,topic/maintenance,METAVERSE,2271
1716769759646,paho816787777153113,topic/maintenance,METAVERSE,2376
1716769759646,paho816787777153113,topic/maintenance,METAVERSE,2373
1716769759646,paho816787777153113,topic/maintenance,METAVERSE,2366
1716769759726,paho816787776828664,topic/occupancy,METAVERSE,1367
1716769759729,paho816787776597586,topic/security,METAVERSE,6968
1716769759730,paho816787776597586,topic/security,METAVERSE,6909
1716769759730,paho816787776597586,topic/security,METAVERSE,6892
1716769759730,paho816787776597586,topic/security,METAVERSE,6968
1716769759730,paho816787776597586,topic/security,METAVERSE,7124
1716769759730,paho816787776597586,topic/security,METAVERSE,6873
1716769759730,paho816787776597586,topic/security,METAVERSE,6958
1716769759730,paho816787776597586,topic/security,METAVERSE,6862
1716769759730,paho816787776597586,topic/security,METAVERSE,6958
1716769759730,paho816787776597586,topic/security,METAVERSE,7123
1716769759730,paho816787776597586,topic/security,METAVERSE,6859
1716769759730,paho816787776597586,topic/security,METAVERSE,6873
1716769759730,paho816787776597586,topic/security,METAVERSE,6958
1716769759730,paho816787776597586,topic/security,METAVERSE,6879
1716769759730,paho816787776597586,topic/security,METAVERSE,7121
1716769759730,paho816787776597586,topic/security,METAVERSE,6907
1716769759730,paho816787776597586,topic/security,METAVERSE,6888
1716769759730,paho816787776597586,topic/security,METAVERSE,7121
1716769759730,paho816787776597586,topic/security,METAVERSE,6817
1716769759730,paho816787776597586,topic/security,METAVERSE,6888
1716769759730,paho816787776597586,topic/security,METAVERSE,6970
1716769759730,paho816787776597586,topic/security,METAVERSE,6802
1716769759730,paho816787776597586,topic/security,METAVERSE,6888
1716769759730,paho816787776597586,topic/security,METAVERSE,6816
1716769759730,paho816787776597586,topic/security,METAVERSE,6807
1716769759730,paho816787776597586,topic/security,METAVERSE,6798
1716769759730,paho816787776597586,topic/security,METAVERSE,6887
1716769759730,paho816787776597586,topic/security,METAVERSE,6969
1716769759730,paho816787776597586,topic/security,METAVERSE,6782
1716769759730,paho816787776597586,topic/security,METAVERSE,6798
1716769759730,paho816787776597586,topic/security,METAVERSE,6871
1716769759730,paho816787776597586,topic/security,METAVERSE,6774
1716769759730,paho816787776597586,topic/security,METAVERSE,6825
1716769759730,paho816787776597586,topic/security,METAVERSE,6871
1716769759730,paho816787776597586,topic/security,METAVERSE,6797
1716769759730,paho816787776597586,topic/security,METAVERSE,6969
1716769759730,paho816787776597586,topic/security,METAVERSE,6773
1716769759730,paho816787776597586,topic/security,METAVERSE,6871
1716769759730,paho816787776597586,topic/security,METAVERSE,6797
1716769759730,paho816787776597586,topic/security,METAVERSE,6969
1716769759731,paho816787776597586,topic/security,METAVERSE,6767
1716769759731,paho816787776597586,topic/security,METAVERSE,6870
1716769759731,paho816787776597586,topic/security,METAVERSE,6796
1716769759731,paho816787776597586,topic/security,METAVERSE,6855
1716769759731,paho816787776597586,topic/security,METAVERSE,6784
1716769759731,paho816787776597586,topic/security,METAVERSE,6752
1716769759731,paho816787776597586,topic/security,METAVERSE,6765
1716769759731,paho816787776597586,topic/security,METAVERSE,6795
1716769759731,paho816787776597586,topic/security,METAVERSE,6795
1716769759731,paho816787776597586,topic/security,METAVERSE,6726
1716769759731,paho816787776597586,topic/security,METAVERSE,6748
1716769759731,paho816787776597586,topic/security,METAVERSE,6855
1716769759731,paho816787776597586,topic/security,METAVERSE,6726
1716769759731,paho816787776597586,topic/security,METAVERSE,6777
1716769759731,paho816787776597586,topic/security,METAVERSE,6735
1716769759731,paho816787776597586,topic/security,METAVERSE,6747
1716769759731,paho816787776597586,topic/security,METAVERSE,6726
1716769759731,paho816787776597586,topic/security,METAVERSE,6774
1716769759731,paho816787776597586,topic/security,METAVERSE,6746
1716769759731,paho816787776597586,topic/security,METAVERSE,6854
1716769759731,paho816787776597586,topic/security,METAVERSE,6767
1716769759731,paho816787776597586,topic/security,METAVERSE,6710
1716769759731,paho816787776597586,topic/security,METAVERSE,6726
1716769759731,paho816787776597586,topic/security,METAVERSE,6725
1716769759731,paho816787776597586,topic/security,METAVERSE,6767
1716769759731,paho816787776597586,topic/security,METAVERSE,6710
1716769759731,paho816787776597586,topic/security,METAVERSE,6854
1716769759731,paho816787776597586,topic/security,METAVERSE,6746
1716769759731,paho816787776597586,topic/security,METAVERSE,6732
1716769759731,paho816787776597586,topic/security,METAVERSE,6756
1716769759731,paho816787776597586,topic/security,METAVERSE,6725
1716769759731,paho816787776597586,topic/security,METAVERSE,6755
1716769759731,paho816787776597586,topic/security,METAVERSE,6725
1716769759731,paho816787776597586,topic/security,METAVERSE,6854
1716769759731,paho816787776597586,topic/security,METAVERSE,6710
1716769759731,paho816787776597586,topic/security,METAVERSE,6744
1716769759731,paho816787776597586,topic/security,METAVERSE,6747
1716769759731,paho816787776597586,topic/security,METAVERSE,6724
1716769759731,paho816787776597586,topic/security,METAVERSE,6731
1716769759731,paho816787776597586,topic/security,METAVERSE,6680
1716769759732,paho816787776597586,topic/security,METAVERSE,6747
1716769759732,paho816787776597586,topic/security,METAVERSE,6779
1716769759732,paho816787776597586,topic/security,METAVERSE,6703
1716769759732,paho816787776597586,topic/security,METAVERSE,6737
1716769759732,paho816787776597586,topic/security,METAVERSE,6741
1716769759732,paho816787776597586,topic/security,METAVERSE,6666
1716769759732,paho816787776597586,topic/security,METAVERSE,6656
1716769759732,paho816787776597586,topic/security,METAVERSE,6664
1716769759732,paho816787776597586,topic/security,METAVERSE,6701
1716769759732,paho816787776597586,topic/security,METAVERSE,6779
1716769759732,paho816787776597586,topic/security,METAVERSE,6646
1716769759732,paho816787776597586,topic/security,METAVERSE,6663
1716769759732,paho816787776597586,topic/security,METAVERSE,6736
1716769759732,paho816787776597586,topic/security,METAVERSE,6612
1716769759732,paho816787776597586,topic/security,METAVERSE,6656
1716769759738,paho816787775870319,topic/e/noise,METAVERSE,83
1716769759921,paho816787776828664,topic/occupancy,METAVERSE,1419
1716769760000,paho816787775870319,topic/g/noise,METAVERSE,36
1716769760092,paho816787775870319,topic/d/rfid,METAVERSE,14
1716769760104,paho816787776828664,topic/queueing,METAVERSE,26
1716769760148,paho816787775870319,topic/e/lighting,METAVERSE,65
1716769760149,paho816787776998330,topic/e/lighting,METAVERSE,66
1716769760175,paho816787776828664,topic/occupancy,METAVERSE,1621
1716769760246,paho816787775870319,topic/g/lighting,METAVERSE,90
1716769760249,paho816787776998330,topic/g/lighting,METAVERSE,93
1716769760280,paho816787775870319,topic/s/noise,METAVERSE,20
1716769760300,paho816787776828664,topic/occupancy,METAVERSE,1675
1716769760328,paho816787776998330,topic/g/lighting,METAVERSE,17
1716769760328,paho816787775870319,topic/g/lighting,METAVERSE,17
1716769760425,paho816787776828664,topic/occupancy,METAVERSE,1749
1716769760568,paho816787776828664,topic/occupancy,METAVERSE,1744
1716769760584,paho816787775870319,topic/g/noise,METAVERSE,26
1716769760660,paho816787776828664,topic/occupancy,METAVERSE,1754
1716769760686,paho816787775870319,topic/b/noise,METAVERSE,181
1716769760782,paho816787776828664,topic/occupancy,METAVERSE,1385
1716769761053,paho816787776828664,topic/occupancy,METAVERSE,1689
1716769761155,paho816787776998330,topic/d/lighting,METAVERSE,15
1716769761156,paho816787775870319,topic/d/lighting,METAVERSE,16
1716769761206,paho816787776998330,topic/d/lighting,METAVERSE,16
1716769761206,paho816787775870319,topic/d/lighting,METAVERSE,16
1716769761282,paho816787776828664,topic/occupancy,METAVERSE,1394
1716769761340,paho816787775870319,topic/b/lighting,METAVERSE,182
1716769761340,paho816787776998330,topic/b/lighting,METAVERSE,182
1716769761376,paho816787776597586,topic/security,METAVERSE,8336
1716769761377,paho816787776597586,topic/security,METAVERSE,8424
1716769761377,paho816787776597586,topic/security,METAVERSE,8307
1716769761377,paho816787776597586,topic/security,METAVERSE,8226
1716769761377,paho816787776597586,topic/security,METAVERSE,8362
1716769761377,paho816787776597586,topic/security,METAVERSE,8306
1716769761377,paho816787776597586,topic/security,METAVERSE,8223
1716769761377,paho816787776597586,topic/security,METAVERSE,8302
1716769761377,paho816787776597586,topic/security,METAVERSE,8424
1716769761377,paho816787776597586,topic/security,METAVERSE,8306
1716769761377,paho816787776597586,topic/security,METAVERSE,8222
1716769761377,paho816787776597586,topic/security,METAVERSE,8356
1716769761377,paho816787776597586,topic/security,METAVERSE,8259
1716769761377,paho816787776597586,topic/security,METAVERSE,8306
1716769761377,paho816787776597586,topic/security,METAVERSE,8274
1716769761377,paho816787776597586,topic/security,METAVERSE,8222
1716769761377,paho816787776597586,topic/security,METAVERSE,8424
1716769761377,paho816787776597586,topic/security,METAVERSE,8306
1716769761377,paho816787776597586,topic/security,METAVERSE,8222
1716769761377,paho816787776597586,topic/security,METAVERSE,8356
1716769761377,paho816787776597586,topic/security,METAVERSE,8256
1716769761377,paho816787776597586,topic/security,METAVERSE,8306
1716769761377,paho816787776597586,topic/security,METAVERSE,8178
1716769761377,paho816787776597586,topic/security,METAVERSE,8206
1716769761377,paho816787776597586,topic/security,METAVERSE,8344
1716769761377,paho816787776597586,topic/security,METAVERSE,8258
1716769761377,paho816787776597586,topic/security,METAVERSE,8172
1716769761377,paho816787776597586,topic/security,METAVERSE,8355
1716769761377,paho816787776597586,topic/security,METAVERSE,8221
1716769761377,paho816787776597586,topic/security,METAVERSE,8257
1716769761378,paho816787776597586,topic/security,METAVERSE,8173
1716769761378,paho816787776597586,topic/security,METAVERSE,8344
1716769761378,paho816787776597586,topic/security,METAVERSE,8258
1716769761378,paho816787776597586,topic/security,METAVERSE,8170
1716769761378,paho816787776597586,topic/security,METAVERSE,8203
1716769761378,paho816787776597586,topic/security,METAVERSE,8344
1716769761378,paho816787776597586,topic/security,METAVERSE,8253
1716769761378,paho816787776597586,topic/security,METAVERSE,8351
1716769761378,paho816787776597586,topic/security,METAVERSE,8169
1716769761378,paho816787776597586,topic/security,METAVERSE,8252
1716769761378,paho816787776597586,topic/security,METAVERSE,8169
1716769761378,paho816787776597586,topic/security,METAVERSE,8184
1716769761378,paho816787776597586,topic/security,METAVERSE,8344
1716769761378,paho816787776597586,topic/security,METAVERSE,8175
1716769761378,paho816787776597586,topic/security,METAVERSE,8147
1716769761378,paho816787776597586,topic/security,METAVERSE,8350
1716769761379,paho816787776597586,topic/security,METAVERSE,8170
1716769761379,paho816787776597586,topic/security,METAVERSE,8110
1716769761379,paho816787776597586,topic/security,METAVERSE,8175
1716769761379,paho816787776597586,topic/security,METAVERSE,8170
1716769761379,paho816787776597586,topic/security,METAVERSE,8149
1716769761379,paho816787776597586,topic/security,METAVERSE,8270
1716769761379,paho816787776597586,topic/security,METAVERSE,8347
1716769761379,paho816787776597586,topic/security,METAVERSE,8175
1716769761379,paho816787776597586,topic/security,METAVERSE,8170
1716769761379,paho816787776597586,topic/security,METAVERSE,8175
1716769761379,paho816787776597586,topic/security,METAVERSE,8169
1716769761379,paho816787776597586,topic/security,METAVERSE,8112
1716769761379,paho816787776597586,topic/security,METAVERSE,8269
1716769761379,paho816787776597586,topic/security,METAVERSE,8224
1716769761379,paho816787776597586,topic/security,METAVERSE,8175
1716769761379,paho816787776597586,topic/security,METAVERSE,8126
1716769761379,paho816787776597586,topic/security,METAVERSE,8102
1716769761379,paho816787776597586,topic/security,METAVERSE,8223
1716769761379,paho816787776597586,topic/security,METAVERSE,8175
1716769761379,paho816787776597586,topic/security,METAVERSE,8125
1716769761379,paho816787776597586,topic/security,METAVERSE,8269
1716769761379,paho816787776597586,topic/security,METAVERSE,8215
1716769761379,paho816787776597586,topic/security,METAVERSE,8129
1716769761379,paho816787776597586,topic/security,METAVERSE,8125
1716769761379,paho816787776597586,topic/security,METAVERSE,8129
1716769761379,paho816787776597586,topic/security,METAVERSE,8101
1716769761379,paho816787776597586,topic/security,METAVERSE,8203
1716769761379,paho816787776597586,topic/security,METAVERSE,8269
1716769761380,paho816787776597586,topic/security,METAVERSE,8144
1716769761380,paho816787776597586,topic/security,METAVERSE,8079
1716769761380,paho816787776597586,topic/security,METAVERSE,8129
1716769761380,paho816787776597586,topic/security,METAVERSE,8101
1716769761380,paho816787776597586,topic/security,METAVERSE,8197
1716769761380,paho816787776597586,topic/security,METAVERSE,8097
1716769761380,paho816787776597586,topic/security,METAVERSE,8129
1716769761380,paho816787776597586,topic/security,METAVERSE,8101
1716769761380,paho816787776597586,topic/security,METAVERSE,8148
1716769761380,paho816787776597586,topic/security,METAVERSE,8072
1716769761380,paho816787776597586,topic/security,METAVERSE,8101
1716769761380,paho816787776597586,topic/security,METAVERSE,8186
1716769761380,paho816787776597586,topic/security,METAVERSE,8052
1716769761380,paho816787776597586,topic/security,METAVERSE,8071
1716769761380,paho816787776597586,topic/security,METAVERSE,8041
1716769761380,paho816787776597586,topic/security,METAVERSE,8100
1716769761380,paho816787776597586,topic/security,METAVERSE,8097
1716769761380,paho816787776597586,topic/security,METAVERSE,8145
1716769761380,paho816787776597586,topic/security,METAVERSE,8071
1716769761380,paho816787776597586,topic/security,METAVERSE,8050
1716769761380,paho816787776597586,topic/security,METAVERSE,8071
1716769761380,paho816787776597586,topic/security,METAVERSE,8050
1716769761380,paho816787776597586,topic/security,METAVERSE,8104
1716769761380,paho816787776597586,topic/security,METAVERSE,8069
1716769761380,paho816787776597586,topic/security,METAVERSE,8038
1716769761380,paho816787776597586,topic/security,METAVERSE,7999
1716769761380,paho816787776597586,topic/security,METAVERSE,7976
1716769761380,paho816787776597586,topic/security,METAVERSE,8069
1716769761380,paho816787776597586,topic/security,METAVERSE,8038
1716769761380,paho816787776597586,topic/security,METAVERSE,8030
1716769761380,paho816787776597586,topic/security,METAVERSE,8090
1716769761380,paho816787776597586,topic/security,METAVERSE,8030
1716769761380,paho816787776597586,topic/security,METAVERSE,8038
1716769761380,paho816787776597586,topic/security,METAVERSE,7966
1716769761380,paho816787776597586,topic/security,METAVERSE,7977
1716769761380,paho816787776597586,topic/security,METAVERSE,8030
1716769761380,paho816787776597586,topic/security,METAVERSE,8001
1716769761380,paho816787776597586,topic/security,METAVERSE,8080
1716769761380,paho816787776597586,topic/security,METAVERSE,8030
1716769761380,paho816787776597586,topic/security,METAVERSE,8001
1716769761380,paho816787776597586,topic/security,METAVERSE,7924
1716769761380,paho816787776597586,topic/security,METAVERSE,7938
1716769761380,paho816787776597586,topic/security,METAVERSE,8030
1716769761477,paho816787776828664,topic/occupancy,METAVERSE,1490
1716769761593,paho816787777153113,topic/maintenance,METAVERSE,4306
1716769761593,paho816787776828664,topic/occupancy,METAVERSE,1515
1716769761593,paho816787777153113,topic/maintenance,METAVERSE,4287
1716769761593,paho816787777153113,topic/maintenance,METAVERSE,4283
1716769761593,paho816787777153113,topic/maintenance,METAVERSE,4275
1716769761593,paho816787777153113,topic/maintenance,METAVERSE,5180
1716769761594,paho816787777153113,topic/maintenance,METAVERSE,4267
1716769761594,paho816787777153113,topic/maintenance,METAVERSE,4265
1716769761594,paho816787777153113,topic/maintenance,METAVERSE,4086
1716769761594,paho816787777153113,topic/maintenance,METAVERSE,4240
1716769761594,paho816787777153113,topic/maintenance,METAVERSE,4227
1716769761594,paho816787777153113,topic/maintenance,METAVERSE,4216
1716769761594,paho816787777153113,topic/maintenance,METAVERSE,4211
1716769761594,paho816787777153113,topic/maintenance,METAVERSE,4198
1716769761594,paho816787777153113,topic/maintenance,METAVERSE,4177
1716769761594,paho816787777153113,topic/maintenance,METAVERSE,4163
1716769761594,paho816787777153113,topic/maintenance,METAVERSE,4154
1716769761594,paho816787777153113,topic/maintenance,METAVERSE,4135
1716769761594,paho816787777153113,topic/maintenance,METAVERSE,4815
1716769761594,paho816787777153113,topic/maintenance,METAVERSE,4130
1716769761594,paho816787777153113,topic/maintenance,METAVERSE,4120
1716769761594,paho816787777153113,topic/maintenance,METAVERSE,3911
1716769761594,paho816787777153113,topic/maintenance,METAVERSE,4095
1716769761594,paho816787777153113,topic/maintenance,METAVERSE,4093
1716769761594,paho816787777153113,topic/maintenance,METAVERSE,4007
1716769761594,paho816787777153113,topic/maintenance,METAVERSE,3871
1716769761594,paho816787777153113,topic/maintenance,METAVERSE,4085
1716769761594,paho816787777153113,topic/maintenance,METAVERSE,4055
1716769761594,paho816787777153113,topic/maintenance,METAVERSE,4038
1716769761594,paho816787777153113,topic/maintenance,METAVERSE,3994
1716769761594,paho816787777153113,topic/maintenance,METAVERSE,3964
1716769761594,paho816787777153113,topic/maintenance,METAVERSE,3953
1716769761594,paho816787777153113,topic/maintenance,METAVERSE,4814
1716769761594,paho816787777153113,topic/maintenance,METAVERSE,3938
1716769761594,paho816787777153113,topic/maintenance,METAVERSE,3854
1716769761594,paho816787777153113,topic/maintenance,METAVERSE,3806
1716769761594,paho816787777153113,topic/maintenance,METAVERSE,3805
1716769761594,paho816787777153113,topic/maintenance,METAVERSE,3804
1716769761594,paho816787777153113,topic/maintenance,METAVERSE,3788
1716769761594,paho816787777153113,topic/maintenance,METAVERSE,3769
1716769761594,paho816787777153113,topic/maintenance,METAVERSE,3769
1716769761594,paho816787777153113,topic/maintenance,METAVERSE,3767
1716769761594,paho816787777153113,topic/maintenance,METAVERSE,3699
1716769761594,paho816787777153113,topic/maintenance,METAVERSE,3688
1716769761594,paho816787777153113,topic/maintenance,METAVERSE,3680
1716769761594,paho816787777153113,topic/maintenance,METAVERSE,3656
1716769761594,paho816787777153113,topic/maintenance,METAVERSE,4486
1716769761594,paho816787777153113,topic/maintenance,METAVERSE,3654
1716769761594,paho816787777153113,topic/maintenance,METAVERSE,3653
1716769761594,paho816787777153113,topic/maintenance,METAVERSE,3652
1716769761594,paho816787777153113,topic/maintenance,METAVERSE,3649
1716769761594,paho816787777153113,topic/maintenance,METAVERSE,3614
1716769761594,paho816787777153113,topic/maintenance,METAVERSE,3598
1716769761594,paho816787777153113,topic/maintenance,METAVERSE,3592
1716769761594,paho816787777153113,topic/maintenance,METAVERSE,3502
1716769761594,paho816787777153113,topic/maintenance,METAVERSE,3581
1716769761594,paho816787777153113,topic/maintenance,METAVERSE,3594
1716769761595,paho816787777153113,topic/maintenance,METAVERSE,3537
1716769761595,paho816787777153113,topic/maintenance,METAVERSE,3486
1716769761595,paho816787777153113,topic/maintenance,METAVERSE,3620
1716769761595,paho816787777153113,topic/maintenance,METAVERSE,3503
1716769761595,paho816787777153113,topic/maintenance,METAVERSE,3529
1716769761595,paho816787777153113,topic/maintenance,METAVERSE,4486
1716769761595,paho816787777153113,topic/maintenance,METAVERSE,3493
1716769761595,paho816787777153113,topic/maintenance,METAVERSE,3443
1716769761595,paho816787777153113,topic/maintenance,METAVERSE,3408
1716769761595,paho816787777153113,topic/maintenance,METAVERSE,3392
1716769761595,paho816787777153113,topic/maintenance,METAVERSE,3356
1716769761595,paho816787777153113,topic/maintenance,METAVERSE,3375
1716769761595,paho816787777153113,topic/maintenance,METAVERSE,3358
1716769761595,paho816787777153113,topic/maintenance,METAVERSE,4486
1716769761595,paho816787777153113,topic/maintenance,METAVERSE,3416
1716769761595,paho816787777153113,topic/maintenance,METAVERSE,3263
1716769761595,paho816787777153113,topic/maintenance,METAVERSE,4048
1716769761595,paho816787777153113,topic/maintenance,METAVERSE,3251
1716769761595,paho816787777153113,topic/maintenance,METAVERSE,3288
1716769761595,paho816787777153113,topic/maintenance,METAVERSE,3221
1716769761790,paho816787776998330,topic/e/lighting,METAVERSE,87
1716769761791,paho816787775870319,topic/e/lighting,METAVERSE,88
1716769761795,paho816787776828664,topic/occupancy,METAVERSE,1584
1716769761871,paho816787775870319,topic/b/lighting,METAVERSE,293
1716769761871,paho816787776998330,topic/b/lighting,METAVERSE,293
1716769761904,paho816787776828664,topic/occupancy,METAVERSE,1544
1716769762066,paho816787776828664,topic/occupancy,METAVERSE,1530
1716769762251,paho816787776828664,topic/occupancy,METAVERSE,1624
1716769762367,paho816787776828664,topic/occupancy,METAVERSE,1651
1716769762440,paho816787776828664,topic/occupancy,METAVERSE,1607
1716769762451,paho816787775870319,topic/c/rfid,METAVERSE,22
1716769762464,paho816787776828664,topic/queueing,METAVERSE,35
1716769762568,paho816787776828664,topic/occupancy,METAVERSE,1619
1716769762727,paho816787776828664,topic/occupancy,METAVERSE,1332
1716769762742,paho816787775870319,topic/b/lighting,METAVERSE,134
1716769762742,paho816787776998330,topic/b/lighting,METAVERSE,134
1716769762773,paho816787775870319,topic/s/noise,METAVERSE,13
1716769762784,paho816787776998330,topic/b/lighting,METAVERSE,134
1716769762784,paho816787775870319,topic/b/lighting,METAVERSE,134
1716769762798,paho816787775870319,topic/b/noise,METAVERSE,133
1716769762807,paho816787776998330,topic/c/lighting,METAVERSE,16
1716769762808,paho816787775870319,topic/c/lighting,METAVERSE,17
1716769762842,paho816787776597586,topic/security,METAVERSE,9463
1716769762842,paho816787776597586,topic/security,METAVERSE,9535
1716769762842,paho816787776597586,topic/security,METAVERSE,9427
1716769762842,paho816787776597586,topic/security,METAVERSE,9463
1716769762842,paho816787776597586,topic/security,METAVERSE,9427
1716769762843,paho816787776597586,topic/security,METAVERSE,9371
1716769762843,paho816787776597586,topic/security,METAVERSE,9428
1716769762843,paho816787776597586,topic/security,METAVERSE,9424
1716769762843,paho816787776597586,topic/security,METAVERSE,9426
1716769762899,paho816787776998330,topic/c/lighting,METAVERSE,39
1716769762899,paho816787775870319,topic/c/lighting,METAVERSE,39
1716769762959,paho816787776828664,topic/occupancy,METAVERSE,1033
1716769763161,paho816787776828664,topic/occupancy,METAVERSE,1151
1716769763194,paho816787775870319,topic/b/noise,METAVERSE,182
1716769763219,paho816787775870319,topic/c/noise,METAVERSE,13
1716769763332,paho816787776828664,topic/occupancy,METAVERSE,1110
1716769763361,paho816787776998330,topic/b/lighting,METAVERSE,224
1716769763361,paho816787775870319,topic/b/lighting,METAVERSE,224
1716769763401,paho816787775870319,topic/b/noise,METAVERSE,186
1716769763486,paho816787776828664,topic/occupancy,METAVERSE,1057
1716769763611,paho816787776828664,topic/occupancy,METAVERSE,1240
1716769763811,paho816787776828664,topic/occupancy,METAVERSE,1258
1716769763818,paho816787775870319,topic/d/noise,METAVERSE,11
1716769763963,paho816787776998330,topic/v/lighting,METAVERSE,24
1716769763963,paho816787775870319,topic/v/lighting,METAVERSE,24
1716769763971,paho816787776828664,topic/occupancy,METAVERSE,1336
1716769764054,paho816787776998330,topic/s/lighting,METAVERSE,23
1716769764055,paho816787775870319,topic/s/lighting,METAVERSE,24
1716769764105,paho816787776828664,topic/queueing,METAVERSE,14
1716769764106,paho816787775870319,topic/d/rfid,METAVERSE,15
1716769764171,paho816787776828664,topic/occupancy,METAVERSE,1322
1716769764288,paho816787775870319,topic/e/noise,METAVERSE,103
1716769764348,paho816787775870319,topic/d/noise,METAVERSE,13
1716769764351,paho816787775870319,topic/v/noise,METAVERSE,123
1716769764362,paho816787776828664,topic/occupancy,METAVERSE,1616
1716769764550,paho816787776828664,topic/occupancy,METAVERSE,1600
1716769764660,paho816787776998330,topic/s/lighting,METAVERSE,46
1716769764661,paho816787775870319,topic/s/lighting,METAVERSE,47
1716769764724,paho816787776828664,topic/occupancy,METAVERSE,1312
1716769764758,paho816787775870319,topic/e/noise,METAVERSE,95
1716769764845,paho816787776828664,topic/occupancy,METAVERSE,857
1716769765038,paho816787775870319,topic/g/noise,METAVERSE,52
1716769765058,paho816787776828664,topic/occupancy,METAVERSE,1026
1716769765155,paho816787776828664,topic/occupancy,METAVERSE,1064
1716769765199,paho816787776998330,topic/g/lighting,METAVERSE,39
1716769765199,paho816787775870319,topic/g/lighting,METAVERSE,39
1716769765225,paho816787776998330,topic/e/lighting,METAVERSE,110
1716769765225,paho816787775870319,topic/e/lighting,METAVERSE,110
1716769765315,paho816787775870319,topic/s/noise,METAVERSE,18
1716769765346,paho816787776998330,topic/g/lighting,METAVERSE,23
1716769765346,paho816787775870319,topic/g/lighting,METAVERSE,23
1716769765347,paho816787776828664,topic/occupancy,METAVERSE,1119
1716769765408,paho816787777153113,topic/maintenance,METAVERSE,6998
1716769765410,paho816787777153113,topic/maintenance,METAVERSE,6973
1716769765410,paho816787777153113,topic/maintenance,METAVERSE,7841
1716769765410,paho816787777153113,topic/maintenance,METAVERSE,6876
1716769765410,paho816787777153113,topic/maintenance,METAVERSE,6947
1716769765410,paho816787777153113,topic/maintenance,METAVERSE,6888
1716769765410,paho816787777153113,topic/maintenance,METAVERSE,6868
1716769765410,paho816787777153113,topic/maintenance,METAVERSE,7800
1716769765410,paho816787777153113,topic/maintenance,METAVERSE,6833
1716769765410,paho816787777153113,topic/maintenance,METAVERSE,6827
1716769765410,paho816787777153113,topic/maintenance,METAVERSE,6813
1716769765410,paho816787777153113,topic/maintenance,METAVERSE,6783
1716769765410,paho816787777153113,topic/maintenance,METAVERSE,6747
1716769765410,paho816787777153113,topic/maintenance,METAVERSE,6739
1716769765410,paho816787777153113,topic/maintenance,METAVERSE,6711
1716769765410,paho816787777153113,topic/maintenance,METAVERSE,6717
1716769765410,paho816787777153113,topic/maintenance,METAVERSE,7800
1716769765410,paho816787777153113,topic/maintenance,METAVERSE,6622
1716769765410,paho816787777153113,topic/maintenance,METAVERSE,6659
1716769765410,paho816787777153113,topic/maintenance,METAVERSE,6623
1716769765410,paho816787777153113,topic/maintenance,METAVERSE,6623
1716769765410,paho816787777153113,topic/maintenance,METAVERSE,7248
1716769765410,paho816787777153113,topic/maintenance,METAVERSE,6621
1716769765410,paho816787777153113,topic/maintenance,METAVERSE,6567
1716769765410,paho816787777153113,topic/maintenance,METAVERSE,6507
1716769765410,paho816787777153113,topic/maintenance,METAVERSE,7205
1716769765410,paho816787777153113,topic/maintenance,METAVERSE,6545
1716769765410,paho816787777153113,topic/maintenance,METAVERSE,6470
1716769765410,paho816787777153113,topic/maintenance,METAVERSE,6442
1716769765410,paho816787777153113,topic/maintenance,METAVERSE,7204
1716769765410,paho816787777153113,topic/maintenance,METAVERSE,6387
1716769765411,paho816787777153113,topic/maintenance,METAVERSE,6356
1716769765411,paho816787777153113,topic/maintenance,METAVERSE,7205
1716769765411,paho816787777153113,topic/maintenance,METAVERSE,6373
1716769765411,paho816787777153113,topic/maintenance,METAVERSE,6288
1716769765411,paho816787777153113,topic/maintenance,METAVERSE,6278
1716769765411,paho816787777153113,topic/maintenance,METAVERSE,6240
1716769765411,paho816787777153113,topic/maintenance,METAVERSE,6240
1716769765411,paho816787777153113,topic/maintenance,METAVERSE,6206
1716769765411,paho816787777153113,topic/maintenance,METAVERSE,6198
1716769765411,paho816787777153113,topic/maintenance,METAVERSE,6160
1716769765492,paho816787776828664,topic/occupancy,METAVERSE,1113
1716769765588,paho816787775870319,topic/g/noise,METAVERSE,19
1716769765644,paho816787776828664,topic/occupancy,METAVERSE,1089
1716769765695,paho816787775870319,topic/b/noise,METAVERSE,187
1716769765808,paho816787776828664,topic/occupancy,METAVERSE,1107
1716769766016,paho816787776828664,topic/occupancy,METAVERSE,1217
1716769766106,paho816787776828664,topic/queueing,METAVERSE,14
1716769766106,paho816787775870319,topic/d/rfid,METAVERSE,14
1716769766155,paho816787775870319,topic/d/lighting,METAVERSE,13
1716769766156,paho816787776998330,topic/d/lighting,METAVERSE,14
1716769766187,paho816787776828664,topic/occupancy,METAVERSE,1331
1716769766234,paho816787776998330,topic/d/lighting,METAVERSE,14
1716769766234,paho816787775870319,topic/d/lighting,METAVERSE,14
1716769766351,paho816787776998330,topic/b/lighting,METAVERSE,186
1716769766351,paho816787775870319,topic/b/lighting,METAVERSE,186
1716769766372,paho816787776828664,topic/occupancy,METAVERSE,1373
1716769766624,paho816787776828664,topic/occupancy,METAVERSE,1168
1716769766862,paho816787776998330,topic/e/lighting,METAVERSE,103
1716769766863,paho816787775870319,topic/e/lighting,METAVERSE,104
1716769766867,paho816787776828664,topic/occupancy,METAVERSE,875
1716769766885,paho816787776998330,topic/b/lighting,METAVERSE,184
1716769766886,paho816787775870319,topic/b/lighting,METAVERSE,185
1716769767056,paho816787776828664,topic/occupancy,METAVERSE,1023
1716769767105,paho816787776828664,topic/queueing,METAVERSE,12
1716769767105,paho816787775870319,topic/d/rfid,METAVERSE,12
1716769767222,paho816787776828664,topic/occupancy,METAVERSE,1130
1716769767334,paho816787776828664,topic/occupancy,METAVERSE,1106
1716769767468,paho816787775870319,topic/c/rfid,METAVERSE,26
1716769767469,paho816787776828664,topic/queueing,METAVERSE,27
1716769767485,paho816787776828664,topic/occupancy,METAVERSE,1079
1716769767514,paho816787776828664,topic/queueing,METAVERSE,55
1716769767516,paho816787775870319,topic/c/rfid,METAVERSE,57
1716769767526,paho816787776828664,topic/queueing,METAVERSE,19
1716769767527,paho816787775870319,topic/c/rfid,METAVERSE,20
1716769767676,paho816787776828664,topic/occupancy,METAVERSE,1024
1716769767809,paho816787775870319,topic/b/lighting,METAVERSE,187
1716769767809,paho816787776998330,topic/b/lighting,METAVERSE,187
1716769767812,paho816787775870319,topic/s/noise,METAVERSE,11
1716769767824,paho816787775870319,topic/c/lighting,METAVERSE,16
1716769767824,paho816787776998330,topic/c/lighting,METAVERSE,16
1716769767828,paho816787776828664,topic/occupancy,METAVERSE,1126
1716769767855,paho816787775870319,topic/b/lighting,METAVERSE,201
1716769767856,paho816787776998330,topic/b/lighting,METAVERSE,202
1716769767898,paho816787775870319,topic/b/noise,METAVERSE,203
1716769767935,paho816787775870319,topic/c/lighting,METAVERSE,43
1716769767936,paho816787776998330,topic/c/lighting,METAVERSE,44
1716769768052,paho816787776828664,topic/occupancy,METAVERSE,1206
1716769768203,paho816787776828664,topic/occupancy,METAVERSE,1343
1716769768207,paho816787775870319,topic/b/noise,METAVERSE,182
1716769768238,paho816787775870319,topic/c/noise,METAVERSE,11
1716769768339,paho816787776828664,topic/occupancy,METAVERSE,1331
1716769768391,paho816787775870319,topic/b/lighting,METAVERSE,200
1716769768391,paho816787776998330,topic/b/lighting,METAVERSE,200
1716769768432,paho816787775870319,topic/b/noise,METAVERSE,188
1716769768490,paho816787776828664,topic/occupancy,METAVERSE,1397
1716769768616,paho816787776828664,topic/occupancy,METAVERSE,1174
1716769768781,paho816787776828664,topic/occupancy,METAVERSE,1322
1716769768832,paho816787775870319,topic/d/noise,METAVERSE,11
1716769768994,paho816787776828664,topic/occupancy,METAVERSE,1487
1716769769096,paho816787775870319,topic/v/lighting,METAVERSE,53
1716769769096,paho816787776998330,topic/v/lighting,METAVERSE,53
1716769769136,paho816787775870319,topic/s/lighting,METAVERSE,13
1716769769136,paho816787776998330,topic/s/lighting,METAVERSE,13
1716769769192,paho816787776828664,topic/occupancy,METAVERSE,1730
1716769769315,paho816787776828664,topic/occupancy,METAVERSE,1311
1716769769345,paho816787775870319,topic/e/noise,METAVERSE,154
1716769769386,paho816787775870319,topic/d/noise,METAVERSE,13
1716769769436,paho816787775870319,topic/v/noise,METAVERSE,105
1716769769458,paho816787776828664,topic/occupancy,METAVERSE,1346
1716769769545,paho816787776828664,topic/occupancy,METAVERSE,1238
1716769769652,paho816787776828664,topic/occupancy,METAVERSE,1224
1716769769685,paho816787776998330,topic/s/lighting,METAVERSE,11
1716769769685,paho816787775870319,topic/s/lighting,METAVERSE,11
1716769769785,paho816787776828664,topic/occupancy,METAVERSE,1117
1716769769792,paho816787775870319,topic/e/noise,METAVERSE,113
1716769770032,paho816787776828664,topic/occupancy,METAVERSE,1326
1716769770111,paho816787775870319,topic/g/noise,METAVERSE,114
1716769770165,paho816787776828664,topic/occupancy,METAVERSE,1315
1716769770292,paho816787775870319,topic/g/lighting,METAVERSE,110
1716769770292,paho816787776998330,topic/g/lighting,METAVERSE,110
1716769770324,paho816787775870319,topic/e/lighting,METAVERSE,125
1716769770325,paho816787776998330,topic/e/lighting,METAVERSE,126
1716769770354,paho816787776828664,topic/occupancy,METAVERSE,1489
1716769770357,paho816787775870319,topic/s/noise,METAVERSE,22
1716769770492,paho816787776998330,topic/g/lighting,METAVERSE,113
1716769770493,paho816787775870319,topic/g/lighting,METAVERSE,114
1716769770507,paho816787776828664,topic/occupancy,METAVERSE,1468
1716769770671,paho816787775870319,topic/g/noise,METAVERSE,96
1716769770705,paho816787775870319,topic/b/noise,METAVERSE,174
1716769770794,paho816787776828664,topic/occupancy,METAVERSE,1316
1716769771038,paho816787776828664,topic/occupancy,METAVERSE,1030
1716769771166,paho816787776998330,topic/d/lighting,METAVERSE,14
1716769771166,paho816787775870319,topic/d/lighting,METAVERSE,14
1716769771241,paho816787776998330,topic/d/lighting,METAVERSE,13
1716769771242,paho816787775870319,topic/d/lighting,METAVERSE,14
1716769771245,paho816787776828664,topic/occupancy,METAVERSE,1132
1716769771334,paho816787776998330,topic/b/lighting,METAVERSE,163
1716769771334,paho816787775870319,topic/b/lighting,METAVERSE,163
1716769771487,paho816787776828664,topic/occupancy,METAVERSE,1131
1716769771698,paho816787776828664,topic/occupancy,METAVERSE,1264
1716769771838,paho816787776998330,topic/b/lighting,METAVERSE,136
1716769771839,paho816787775870319,topic/b/lighting,METAVERSE,137
1716769771884,paho816787776998330,topic/e/lighting,METAVERSE,113
1716769771884,paho816787775870319,topic/e/lighting,METAVERSE,113
1716769771922,paho816787777153113,topic/maintenance,METAVERSE,12699
1716769771922,paho816787777153113,topic/maintenance,METAVERSE,13337
1716769771922,paho816787777153113,topic/maintenance,METAVERSE,12744
1716769771922,paho816787777153113,topic/maintenance,METAVERSE,12647
1716769771922,paho816787777153113,topic/maintenance,METAVERSE,12630
1716769771922,paho816787777153113,topic/maintenance,METAVERSE,12623
1716769771922,paho816787777153113,topic/maintenance,METAVERSE,12595
1716769771922,paho816787777153113,topic/maintenance,METAVERSE,13319
1716769771922,paho816787777153113,topic/maintenance,METAVERSE,12552
1716769771922,paho816787777153113,topic/maintenance,METAVERSE,12529
1716769771922,paho816787777153113,topic/maintenance,METAVERSE,12504
1716769771922,paho816787777153113,topic/maintenance,METAVERSE,12479
1716769771922,paho816787777153113,topic/maintenance,METAVERSE,12472
1716769771922,paho816787777153113,topic/maintenance,METAVERSE,12472
1716769771922,paho816787777153113,topic/maintenance,METAVERSE,13278
1716769771922,paho816787777153113,topic/maintenance,METAVERSE,12470
1716769771922,paho816787777153113,topic/maintenance,METAVERSE,12434
1716769771922,paho816787777153113,topic/maintenance,METAVERSE,12395
1716769771922,paho816787777153113,topic/maintenance,METAVERSE,12380
1716769771922,paho816787777153113,topic/maintenance,METAVERSE,12392
1716769771922,paho816787777153113,topic/maintenance,METAVERSE,12371
1716769771922,paho816787777153113,topic/maintenance,METAVERSE,12371
1716769771922,paho816787777153113,topic/maintenance,METAVERSE,12371
1716769771922,paho816787777153113,topic/maintenance,METAVERSE,12368
1716769771922,paho816787777153113,topic/maintenance,METAVERSE,12343
1716769771922,paho816787777153113,topic/maintenance,METAVERSE,12338
1716769771922,paho816787777153113,topic/maintenance,METAVERSE,13278
1716769771923,paho816787777153113,topic/maintenance,METAVERSE,12316
1716769771923,paho816787777153113,topic/maintenance,METAVERSE,12315
1716769771923,paho816787777153113,topic/maintenance,METAVERSE,12315
1716769771923,paho816787777153113,topic/maintenance,METAVERSE,12276
1716769771923,paho816787777153113,topic/maintenance,METAVERSE,12247
1716769771923,paho816787777153113,topic/maintenance,METAVERSE,12268
1716769771923,paho816787777153113,topic/maintenance,METAVERSE,12209
1716769771923,paho816787777153113,topic/maintenance,METAVERSE,12241
1716769771923,paho816787777153113,topic/maintenance,METAVERSE,12236
1716769771923,paho816787777153113,topic/maintenance,METAVERSE,12214
1716769771923,paho816787777153113,topic/maintenance,METAVERSE,12189
1716769771925,paho816787777153113,topic/maintenance,METAVERSE,12175
1716769771925,paho816787777153113,topic/maintenance,METAVERSE,12884
1716769771925,paho816787777153113,topic/maintenance,METAVERSE,12162
1716769771925,paho816787777153113,topic/maintenance,METAVERSE,12117
1716769771925,paho816787777153113,topic/maintenance,METAVERSE,12113
1716769771925,paho816787777153113,topic/maintenance,METAVERSE,12110
1716769771925,paho816787777153113,topic/maintenance,METAVERSE,12110
1716769771925,paho816787777153113,topic/maintenance,METAVERSE,12090
1716769771925,paho816787777153113,topic/maintenance,METAVERSE,12086
1716769771925,paho816787777153113,topic/maintenance,METAVERSE,12063
1716769771925,paho816787777153113,topic/maintenance,METAVERSE,12034
1716769771925,paho816787777153113,topic/maintenance,METAVERSE,12882
1716769771925,paho816787777153113,topic/maintenance,METAVERSE,11986
1716769771925,paho816787777153113,topic/maintenance,METAVERSE,11983
1716769771925,paho816787777153113,topic/maintenance,METAVERSE,11983
1716769771925,paho816787777153113,topic/maintenance,METAVERSE,12032
1716769771925,paho816787777153113,topic/maintenance,METAVERSE,11961
1716769771925,paho816787777153113,topic/maintenance,METAVERSE,11981
1716769771925,paho816787777153113,topic/maintenance,METAVERSE,11981
1716769771925,paho816787777153113,topic/maintenance,METAVERSE,11981
1716769771925,paho816787777153113,topic/maintenance,METAVERSE,11980
1716769771925,paho816787777153113,topic/maintenance,METAVERSE,11980
1716769771925,paho816787777153113,topic/maintenance,METAVERSE,11980
1716769771925,paho816787777153113,topic/maintenance,METAVERSE,11980
1716769771925,paho816787777153113,topic/maintenance,METAVERSE,11980
1716769771925,paho816787777153113,topic/maintenance,METAVERSE,11818
1716769771925,paho816787777153113,topic/maintenance,METAVERSE,11979
1716769771925,paho816787777153113,topic/maintenance,METAVERSE,12623
1716769771925,paho816787777153113,topic/maintenance,METAVERSE,11979
1716769771926,paho816787777153113,topic/maintenance,METAVERSE,11980
1716769771926,paho816787777153113,topic/maintenance,METAVERSE,11787
1716769771926,paho816787777153113,topic/maintenance,METAVERSE,11866
1716769771926,paho816787777153113,topic/maintenance,METAVERSE,11980
1716769771926,paho816787777153113,topic/maintenance,METAVERSE,11979
1716769771926,paho816787777153113,topic/maintenance,METAVERSE,11948
1716769771926,paho816787777153113,topic/maintenance,METAVERSE,11919
1716769771926,paho816787777153113,topic/maintenance,METAVERSE,11895
1716769771926,paho816787777153113,topic/maintenance,METAVERSE,11870
1716769771926,paho816787777153113,topic/maintenance,METAVERSE,11840
1716769771926,paho816787777153113,topic/maintenance,METAVERSE,11807
1716769771926,paho816787777153113,topic/maintenance,METAVERSE,11666
1716769771926,paho816787777153113,topic/maintenance,METAVERSE,12562
1716769771926,paho816787777153113,topic/maintenance,METAVERSE,11773
1716769771926,paho816787777153113,topic/maintenance,METAVERSE,11653
1716769771926,paho816787777153113,topic/maintenance,METAVERSE,11756
1716769771926,paho816787777153113,topic/maintenance,METAVERSE,11747
1716769771926,paho816787777153113,topic/maintenance,METAVERSE,11723
1716769771926,paho816787777153113,topic/maintenance,METAVERSE,11682
1716769771926,paho816787777153113,topic/maintenance,METAVERSE,11659
1716769771926,paho816787777153113,topic/maintenance,METAVERSE,11622
1716769771926,paho816787777153113,topic/maintenance,METAVERSE,11582
1716769771926,paho816787777153113,topic/maintenance,METAVERSE,11551
1716769771926,paho816787777153113,topic/maintenance,METAVERSE,12542
1716769771926,paho816787777153113,topic/maintenance,METAVERSE,11523
1716769771926,paho816787777153113,topic/maintenance,METAVERSE,11514
1716769771926,paho816787777153113,topic/maintenance,METAVERSE,11489
1716769771926,paho816787777153113,topic/maintenance,METAVERSE,11455
1716769771926,paho816787777153113,topic/maintenance,METAVERSE,11419
1716769771926,paho816787777153113,topic/maintenance,METAVERSE,11418
1716769771926,paho816787777153113,topic/maintenance,METAVERSE,11418
1716769771926,paho816787777153113,topic/maintenance,METAVERSE,12517
1716769771926,paho816787777153113,topic/maintenance,METAVERSE,11376
1716769771926,paho816787777153113,topic/maintenance,METAVERSE,11401
1716769771926,paho816787777153113,topic/maintenance,METAVERSE,11368
1716769771926,paho816787777153113,topic/maintenance,METAVERSE,11383
1716769771926,paho816787777153113,topic/maintenance,METAVERSE,11373
1716769771926,paho816787777153113,topic/maintenance,METAVERSE,11355
1716769771927,paho816787777153113,topic/maintenance,METAVERSE,11356
1716769771927,paho816787777153113,topic/maintenance,METAVERSE,11356
1716769771927,paho816787777153113,topic/maintenance,METAVERSE,11337
1716769771927,paho816787777153113,topic/maintenance,METAVERSE,11422
1716769771927,paho816787777153113,topic/maintenance,METAVERSE,11300
1716769771927,paho816787777153113,topic/maintenance,METAVERSE,11299
1716769771927,paho816787777153113,topic/maintenance,METAVERSE,11227
1716769771927,paho816787777153113,topic/maintenance,METAVERSE,12060
1716769771927,paho816787777153113,topic/maintenance,METAVERSE,11299
1716769771927,paho816787777153113,topic/maintenance,METAVERSE,11212
1716769771927,paho816787777153113,topic/maintenance,METAVERSE,11298
1716769771927,paho816787777153113,topic/maintenance,METAVERSE,11298
1716769771927,paho816787777153113,topic/maintenance,METAVERSE,11298
1716769771927,paho816787777153113,topic/maintenance,METAVERSE,11298
1716769771927,paho816787777153113,topic/maintenance,METAVERSE,11291
1716769771927,paho816787777153113,topic/maintenance,METAVERSE,11252
1716769771927,paho816787777153113,topic/maintenance,METAVERSE,11212
1716769771927,paho816787777153113,topic/maintenance,METAVERSE,11206
1716769771927,paho816787777153113,topic/maintenance,METAVERSE,11205
1716769771927,paho816787777153113,topic/maintenance,METAVERSE,11205
1716769771927,paho816787777153113,topic/maintenance,METAVERSE,11074
1716769771927,paho816787777153113,topic/maintenance,METAVERSE,11205
1716769771927,paho816787777153113,topic/maintenance,METAVERSE,12027
1716769771927,paho816787777153113,topic/maintenance,METAVERSE,11205
1716769771927,paho816787777153113,topic/maintenance,METAVERSE,11204
1716769771927,paho816787777153113,topic/maintenance,METAVERSE,11204
1716769771927,paho816787777153113,topic/maintenance,METAVERSE,11184
1716769771927,paho816787777153113,topic/maintenance,METAVERSE,11145
1716769771927,paho816787777153113,topic/maintenance,METAVERSE,11108
1716769771927,paho816787777153113,topic/maintenance,METAVERSE,11089
1716769771927,paho816787777153113,topic/maintenance,METAVERSE,11034
1716769771927,paho816787777153113,topic/maintenance,METAVERSE,11032
1716769771927,paho816787777153113,topic/maintenance,METAVERSE,11013
1716769771927,paho816787777153113,topic/maintenance,METAVERSE,11013
1716769771927,paho816787777153113,topic/maintenance,METAVERSE,11013
1716769771927,paho816787777153113,topic/maintenance,METAVERSE,11986
1716769771927,paho816787777153113,topic/maintenance,METAVERSE,11013
1716769771927,paho816787777153113,topic/maintenance,METAVERSE,11013
1716769771928,paho816787777153113,topic/maintenance,METAVERSE,11011
1716769771928,paho816787777153113,topic/maintenance,METAVERSE,11011
1716769771928,paho816787777153113,topic/maintenance,METAVERSE,11011
1716769771928,paho816787777153113,topic/maintenance,METAVERSE,10989
1716769771928,paho816787777153113,topic/maintenance,METAVERSE,10984
1716769771928,paho816787777153113,topic/maintenance,METAVERSE,10865
1716769771928,paho816787777153113,topic/maintenance,METAVERSE,10984
1716769771928,paho816787777153113,topic/maintenance,METAVERSE,10984
1716769771928,paho816787777153113,topic/maintenance,METAVERSE,10984
1716769771928,paho816787777153113,topic/maintenance,METAVERSE,10745
1716769771928,paho816787777153113,topic/maintenance,METAVERSE,11986
1716769771928,paho816787777153113,topic/maintenance,METAVERSE,10984
1716769771928,paho816787777153113,topic/maintenance,METAVERSE,10984
1716769771928,paho816787777153113,topic/maintenance,METAVERSE,10984
1716769771928,paho816787777153113,topic/maintenance,METAVERSE,10984
1716769771928,paho816787777153113,topic/maintenance,METAVERSE,10984
1716769771928,paho816787777153113,topic/maintenance,METAVERSE,10984
1716769771928,paho816787777153113,topic/maintenance,METAVERSE,10983
1716769771928,paho816787777153113,topic/maintenance,METAVERSE,10649
1716769771928,paho816787777153113,topic/maintenance,METAVERSE,10983
1716769771928,paho816787777153113,topic/maintenance,METAVERSE,10983
1716769771928,paho816787777153113,topic/maintenance,METAVERSE,10983
1716769771928,paho816787777153113,topic/maintenance,METAVERSE,10983
1716769771928,paho816787777153113,topic/maintenance,METAVERSE,10983
1716769771928,paho816787777153113,topic/maintenance,METAVERSE,10610
1716769771928,paho816787777153113,topic/maintenance,METAVERSE,11456
1716769771928,paho816787777153113,topic/maintenance,METAVERSE,10983
1716769771928,paho816787777153113,topic/maintenance,METAVERSE,10983
1716769771928,paho816787777153113,topic/maintenance,METAVERSE,10982
1716769771928,paho816787777153113,topic/maintenance,METAVERSE,10982
1716769771928,paho816787777153113,topic/maintenance,METAVERSE,10911
1716769771928,paho816787777153113,topic/maintenance,METAVERSE,10887
1716769771928,paho816787777153113,topic/maintenance,METAVERSE,10848
1716769771928,paho816787777153113,topic/maintenance,METAVERSE,10845
1716769771928,paho816787777153113,topic/maintenance,METAVERSE,10844
1716769771928,paho816787777153113,topic/maintenance,METAVERSE,10844
1716769771928,paho816787777153113,topic/maintenance,METAVERSE,11456
1716769771929,paho816787777153113,topic/maintenance,METAVERSE,10845
1716769771929,paho816787777153113,topic/maintenance,METAVERSE,10845
1716769771929,paho816787777153113,topic/maintenance,METAVERSE,10845
1716769771929,paho816787777153113,topic/maintenance,METAVERSE,10845
1716769771929,paho816787777153113,topic/maintenance,METAVERSE,10630
1716769771929,paho816787777153113,topic/maintenance,METAVERSE,10606
1716769771929,paho816787777153113,topic/maintenance,METAVERSE,10602
1716769771929,paho816787777153113,topic/maintenance,METAVERSE,10372
1716769771929,paho816787777153113,topic/maintenance,METAVERSE,10602
1716769771929,paho816787777153113,topic/maintenance,METAVERSE,10602
1716769771929,paho816787777153113,topic/maintenance,METAVERSE,10597
1716769771929,paho816787777153113,topic/maintenance,METAVERSE,10558
1716769771929,paho816787777153113,topic/maintenance,METAVERSE,10546
1716769771929,paho816787777153113,topic/maintenance,METAVERSE,11457
1716769771929,paho816787777153113,topic/maintenance,METAVERSE,10518
1716769771929,paho816787777153113,topic/maintenance,METAVERSE,10462
1716769771929,paho816787777153113,topic/maintenance,METAVERSE,10458
1716769771929,paho816787777153113,topic/maintenance,METAVERSE,10434
1716769771929,paho816787777153113,topic/maintenance,METAVERSE,10192
1716769771929,paho816787777153113,topic/maintenance,METAVERSE,10384
1716769771929,paho816787777153113,topic/maintenance,METAVERSE,10350
1716769771929,paho816787777153113,topic/maintenance,METAVERSE,10337
1716769771929,paho816787777153113,topic/maintenance,METAVERSE,10192
1716769771929,paho816787777153113,topic/maintenance,METAVERSE,10312
1716769771929,paho816787777153113,topic/maintenance,METAVERSE,10290
1716769771929,paho816787777153113,topic/maintenance,METAVERSE,10287
1716769771929,paho816787777153113,topic/maintenance,METAVERSE,10262
1716769771929,paho816787777153113,topic/maintenance,METAVERSE,11069
1716769771929,paho816787777153113,topic/maintenance,METAVERSE,10244
1716769771975,paho816787776828664,topic/occupancy,METAVERSE,1305
1716769772224,paho816787776828664,topic/occupancy,METAVERSE,1492
1716769772406,paho816787776828664,topic/occupancy,METAVERSE,1528
1716769772535,paho816787776828664,topic/queueing,METAVERSE,27
1716769772535,paho816787775870319,topic/c/rfid,METAVERSE,27
1716769772641,paho816787776828664,topic/occupancy,METAVERSE,1769
1716769772747,paho816787776998330,topic/b/lighting,METAVERSE,124
1716769772747,paho816787775870319,topic/b/lighting,METAVERSE,124
1716769772780,paho816787776828664,topic/occupancy,METAVERSE,1737
1716769772807,paho816787776998330,topic/b/lighting,METAVERSE,144
1716769772807,paho816787775870319,topic/b/lighting,METAVERSE,144
1716769772818,paho816787775870319,topic/s/noise,METAVERSE,11
1716769772842,paho816787776998330,topic/c/lighting,METAVERSE,11
1716769772843,paho816787775870319,topic/c/lighting,METAVERSE,12
1716769772869,paho816787776828664,topic/occupancy,METAVERSE,1386
1716769772882,paho816787775870319,topic/b/noise,METAVERSE,143
1716769772976,paho816787776998330,topic/c/lighting,METAVERSE,13
1716769772977,paho816787775870319,topic/c/lighting,METAVERSE,14
1716769773032,paho816787776828664,topic/occupancy,METAVERSE,1000
1716769773172,paho816787775870319,topic/b/noise,METAVERSE,144
1716769773202,paho816787776828664,topic/occupancy,METAVERSE,1066
1716769773256,paho816787775870319,topic/c/noise,METAVERSE,13
1716769773321,paho816787776828664,topic/occupancy,METAVERSE,965
1716769773423,paho816787776828664,topic/occupancy,METAVERSE,915
1716769773472,paho816787776998330,topic/b/lighting,METAVERSE,238
1716769773472,paho816787775870319,topic/b/lighting,METAVERSE,238
1716769773494,paho816787775870319,topic/b/noise,METAVERSE,225
1716769773533,paho816787776828664,topic/occupancy,METAVERSE,1092
1716769773636,paho816787776828664,topic/occupancy,METAVERSE,952
1716769773740,paho816787776828664,topic/occupancy,METAVERSE,984
1716769773831,paho816787776828664,topic/occupancy,METAVERSE,943
1716769773841,paho816787775870319,topic/d/noise,METAVERSE,13
1716769774003,paho816787776828664,topic/occupancy,METAVERSE,1120
1716769774107,paho816787776828664,topic/queueing,METAVERSE,12
1716769774109,paho816787775870319,topic/d/rfid,METAVERSE,14
1716769774118,paho816787776828664,topic/queueing,METAVERSE,23
1716769774118,paho816787775870319,topic/d/rfid,METAVERSE,23
1716769774123,paho816787775870319,topic/v/lighting,METAVERSE,12
1716769774124,paho816787776998330,topic/v/lighting,METAVERSE,13
1716769774137,paho816787776998330,topic/s/lighting,METAVERSE,13
1716769774137,paho816787775870319,topic/s/lighting,METAVERSE,13
1716769774143,paho816787776828664,topic/occupancy,METAVERSE,1078
1716769774175,paho816787776828664,topic/occupancy,METAVERSE,687
1716769774252,paho816787776828664,topic/occupancy,METAVERSE,206
1716769774327,paho816787776828664,topic/occupancy,METAVERSE,232
1716769774376,paho816787775870319,topic/e/noise,METAVERSE,127
1716769774403,paho816787775870319,topic/d/noise,METAVERSE,14
1716769774461,paho816787775870319,topic/v/noise,METAVERSE,109
1716769774462,paho816787776828664,topic/occupancy,METAVERSE,367
1716769774565,paho816787776828664,topic/occupancy,METAVERSE,385
1716769774712,paho816787776998330,topic/s/lighting,METAVERSE,20
1716769774713,paho816787775870319,topic/s/lighting,METAVERSE,21
1716769774728,paho816787776828664,topic/occupancy,METAVERSE,362
1716769774797,paho816787775870319,topic/e/noise,METAVERSE,114
1716769774846,paho816787776828664,topic/occupancy,METAVERSE,392
1716769774969,paho816787776828664,topic/occupancy,METAVERSE,273
1716769775094,paho816787776828664,topic/occupancy,METAVERSE,326
1716769775116,paho816787777153113,topic/maintenance,METAVERSE,13409
1716769775116,paho816787777153113,topic/maintenance,METAVERSE,13372
1716769775116,paho816787777153113,topic/maintenance,METAVERSE,13358
1716769775116,paho816787777153113,topic/maintenance,METAVERSE,13317
1716769775116,paho816787777153113,topic/maintenance,METAVERSE,13310
1716769775116,paho816787777153113,topic/maintenance,METAVERSE,13309
1716769775116,paho816787777153113,topic/maintenance,METAVERSE,13265
1716769775155,paho816787775870319,topic/g/noise,METAVERSE,154
1716769775211,paho816787776828664,topic/occupancy,METAVERSE,323
1716769775310,paho816787776828664,topic/occupancy,METAVERSE,423
1716769775359,paho816787775870319,topic/e/lighting,METAVERSE,120
1716769775360,paho816787776998330,topic/e/lighting,METAVERSE,121
1716769775377,paho816787775870319,topic/s/noise,METAVERSE,21
1716769775426,paho816787775870319,topic/g/lighting,METAVERSE,155
1716769775426,paho816787776998330,topic/g/lighting,METAVERSE,155
1716769775500,paho816787776828664,topic/occupancy,METAVERSE,429
1716769775529,paho816787776998330,topic/g/lighting,METAVERSE,134
1716769775529,paho816787775870319,topic/g/lighting,METAVERSE,134
1716769775715,paho816787775870319,topic/g/noise,METAVERSE,140
1716769775785,paho816787775870319,topic/b/noise,METAVERSE,190
1716769775844,paho816787776828664,topic/occupancy,METAVERSE,355
1716769776113,paho816787775870319,topic/d/rfid,METAVERSE,14
1716769776113,paho816787776828664,topic/queueing,METAVERSE,14
1716769776224,paho816787775870319,topic/d/lighting,METAVERSE,52
1716769776224,paho816787776998330,topic/d/lighting,METAVERSE,52
1716769776272,paho816787776828664,topic/occupancy,METAVERSE,206
1716769776287,paho816787776998330,topic/d/lighting,METAVERSE,16
1716769776287,paho816787775870319,topic/d/lighting,METAVERSE,16
1716769776305,paho816787776998330,topic/b/lighting,METAVERSE,121
1716769776306,paho816787775870319,topic/b/lighting,METAVERSE,122
1716769776424,paho816787776828664,topic/occupancy,METAVERSE,325
1716769776576,paho816787776828664,topic/occupancy,METAVERSE,340
1716769776700,paho816787776828664,topic/occupancy,METAVERSE,314
1716769776831,paho816787776828664,topic/occupancy,METAVERSE,376
1716769776895,paho816787776998330,topic/e/lighting,METAVERSE,116
1716769776895,paho816787775870319,topic/e/lighting,METAVERSE,116
1716769776917,paho816787775870319,topic/b/lighting,METAVERSE,198
1716769776917,paho816787776998330,topic/b/lighting,METAVERSE,198
1716769777010,paho816787776828664,topic/occupancy,METAVERSE,274
1716769777155,paho816787776828664,topic/occupancy,METAVERSE,339
1716769777211,paho816787775870319,topic/d/rfid,METAVERSE,88
1716769777211,paho816787776828664,topic/queueing,METAVERSE,88
1716769777267,paho816787776828664,topic/occupancy,METAVERSE,376
1716769777500,paho816787776828664,topic/occupancy,METAVERSE,613
1716769777665,paho816787776828664,topic/occupancy,METAVERSE,542
1716769777832,paho816787776998330,topic/b/lighting,METAVERSE,190
1716769777832,paho816787775870319,topic/b/lighting,METAVERSE,190
1716769777852,paho816787775870319,topic/s/noise,METAVERSE,14
1716769777855,paho816787776828664,topic/occupancy,METAVERSE,731
1716769777866,paho816787776998330,topic/c/lighting,METAVERSE,13
1716769777866,paho816787775870319,topic/c/lighting,METAVERSE,13
1716769777875,paho816787776998330,topic/b/lighting,METAVERSE,204
1716769777876,paho816787775870319,topic/b/lighting,METAVERSE,205
1716769777991,paho816787775870319,topic/b/noise,METAVERSE,208
1716769778008,paho816787776998330,topic/c/lighting,METAVERSE,43
1716769778009,paho816787775870319,topic/c/lighting,METAVERSE,44
1716769778022,paho816787776828664,topic/occupancy,METAVERSE,518
1716769778245,paho816787775870319,topic/b/noise,METAVERSE,200
1716769778305,paho816787775870319,topic/d/rfid,METAVERSE,55
1716769778306,paho816787776828664,topic/queueing,METAVERSE,56
1716769778317,paho816787775870319,topic/c/noise,METAVERSE,30
1716769778352,paho816787776828664,topic/occupancy,METAVERSE,251
1716769778465,paho816787775870319,topic/b/lighting,METAVERSE,190
1716769778465,paho816787776998330,topic/b/lighting,METAVERSE,190
1716769778501,paho816787775870319,topic/b/noise,METAVERSE,216
1716769778536,paho816787776828664,topic/occupancy,METAVERSE,292
1716769778608,paho816787775870319,topic/c/rfid,METAVERSE,28
1716769778611,paho816787776828664,topic/queueing,METAVERSE,31
1716769778798,paho816787776828664,topic/occupancy,METAVERSE,548
1716769778862,paho816787775870319,topic/d/noise,METAVERSE,13
1716769779023,paho816787776828664,topic/occupancy,METAVERSE,623
1716769779141,paho816787775870319,topic/s/lighting,METAVERSE,14
1716769779142,paho816787776998330,topic/s/lighting,METAVERSE,15
1716769779177,paho816787776828664,topic/occupancy,METAVERSE,719
1716769779216,paho816787776998330,topic/v/lighting,METAVERSE,13
1716769779216,paho816787775870319,topic/v/lighting,METAVERSE,13
1716769779377,paho816787776828664,topic/occupancy,METAVERSE,797
1716769779380,paho816787775870319,topic/v/noise,METAVERSE,16
1716769779404,paho816787775870319,topic/d/noise,METAVERSE,13
1716769779442,paho816787775870319,topic/e/noise,METAVERSE,170
1716769779500,paho816787776828664,topic/occupancy,METAVERSE,748
1716769779716,paho816787776828664,topic/occupancy,METAVERSE,896
1716769779718,paho816787776998330,topic/s/lighting,METAVERSE,15
1716769779719,paho816787775870319,topic/s/lighting,METAVERSE,16
1716769779817,paho816787775870319,topic/e/noise,METAVERSE,114
1716769779825,paho816787776828664,topic/occupancy,METAVERSE,933
1716769779976,paho816787776828664,topic/occupancy,METAVERSE,1086
1716769780152,paho816787776828664,topic/occupancy,METAVERSE,894
1716769780199,paho816787775870319,topic/g/noise,METAVERSE,153
1716769780304,paho816787776828664,topic/occupancy,METAVERSE,799
1716769780320,paho816787775870319,topic/d/rfid,METAVERSE,24
1716769780326,paho816787776828664,topic/queueing,METAVERSE,30
1716769780332,paho816787775870319,topic/d/rfid,METAVERSE,20
1716769780333,paho816787776828664,topic/queueing,METAVERSE,21
1716769780390,paho816787775870319,topic/s/noise,METAVERSE,13
1716769780416,paho816787775870319,topic/e/lighting,METAVERSE,117
1716769780416,paho816787776998330,topic/e/lighting,METAVERSE,117
1716769780452,paho816787776828664,topic/occupancy,METAVERSE,340
1716769780468,paho816787776998330,topic/g/lighting,METAVERSE,143
1716769780468,paho816787775870319,topic/g/lighting,METAVERSE,143
1716769780617,paho816787776998330,topic/g/lighting,METAVERSE,142
1716769780618,paho816787775870319,topic/g/lighting,METAVERSE,143
1716769780624,paho816787776828664,topic/occupancy,METAVERSE,372
1716769780722,paho816787775870319,topic/g/noise,METAVERSE,143
1716769780736,paho816787776828664,topic/occupancy,METAVERSE,440
1716769780783,paho816787775870319,topic/b/noise,METAVERSE,182
1716769780893,paho816787776828664,topic/occupancy,METAVERSE,581
1716769781029,paho816787776828664,topic/occupancy,METAVERSE,607
1716769781204,paho816787776828664,topic/occupancy,METAVERSE,746
1716769781254,paho816787776998330,topic/d/lighting,METAVERSE,20
1716769781254,paho816787775870319,topic/d/lighting,METAVERSE,20
1716769781304,paho816787776998330,topic/d/lighting,METAVERSE,14
1716769781304,paho816787775870319,topic/d/lighting,METAVERSE,14
1716769781345,paho816787776828664,topic/occupancy,METAVERSE,583
1716769781376,paho816787776998330,topic/b/lighting,METAVERSE,186
1716769781376,paho816787775870319,topic/b/lighting,METAVERSE,186
1716769781381,paho816787777153113,topic/maintenance,METAVERSE,19486
1716769781381,paho816787777153113,topic/maintenance,METAVERSE,19480
1716769781381,paho816787777153113,topic/maintenance,METAVERSE,19472
1716769781381,paho816787777153113,topic/maintenance,METAVERSE,19471
1716769781381,paho816787777153113,topic/maintenance,METAVERSE,19447
1716769781381,paho816787777153113,topic/maintenance,METAVERSE,20521
1716769781381,paho816787777153113,topic/maintenance,METAVERSE,19411
1716769781381,paho816787777153113,topic/maintenance,METAVERSE,19378
1716769781381,paho816787777153113,topic/maintenance,METAVERSE,19308
1716769781381,paho816787777153113,topic/maintenance,METAVERSE,19286
1716769781381,paho816787777153113,topic/maintenance,METAVERSE,20099
1716769781381,paho816787777153113,topic/maintenance,METAVERSE,19252
1716769781381,paho816787777153113,topic/maintenance,METAVERSE,19236
1716769781381,paho816787777153113,topic/maintenance,METAVERSE,19262
1716769781381,paho816787777153113,topic/maintenance,METAVERSE,19186
1716769781381,paho816787777153113,topic/maintenance,METAVERSE,19175
1716769781381,paho816787777153113,topic/maintenance,METAVERSE,19166
1716769781381,paho816787777153113,topic/maintenance,METAVERSE,20098
1716769781381,paho816787777153113,topic/maintenance,METAVERSE,19156
1716769781381,paho816787777153113,topic/maintenance,METAVERSE,19101
1716769781381,paho816787777153113,topic/maintenance,METAVERSE,19136
1716769781381,paho816787777153113,topic/maintenance,METAVERSE,19130
1716769781382,paho816787777153113,topic/maintenance,METAVERSE,19111
1716769781382,paho816787777153113,topic/maintenance,METAVERSE,19107
1716769781382,paho816787777153113,topic/maintenance,METAVERSE,19102
1716769781389,paho816787777153113,topic/maintenance,METAVERSE,19102
1716769781389,paho816787777153113,topic/maintenance,METAVERSE,19078
1716769781389,paho816787777153113,topic/maintenance,METAVERSE,19010
1716769781389,paho816787777153113,topic/maintenance,METAVERSE,19067
1716769781390,paho816787777153113,topic/maintenance,METAVERSE,20107
1716769781390,paho816787777153113,topic/maintenance,METAVERSE,19067
1716769781390,paho816787777153113,topic/maintenance,METAVERSE,19045
1716769781390,paho816787777153113,topic/maintenance,METAVERSE,19035
1716769781390,paho816787777153113,topic/maintenance,METAVERSE,19031
1716769781390,paho816787777153113,topic/maintenance,METAVERSE,19007
1716769781390,paho816787777153113,topic/maintenance,METAVERSE,18979
1716769781390,paho816787777153113,topic/maintenance,METAVERSE,18959
1716769781390,paho816787777153113,topic/maintenance,METAVERSE,18907
1716769781390,paho816787777153113,topic/maintenance,METAVERSE,18877
1716769781390,paho816787777153113,topic/maintenance,METAVERSE,19675
1716769781390,paho816787777153113,topic/maintenance,METAVERSE,18853
1716769781390,paho816787777153113,topic/maintenance,METAVERSE,18813
1716769781390,paho816787777153113,topic/maintenance,METAVERSE,18775
1716769781390,paho816787777153113,topic/maintenance,METAVERSE,18831
1716769781390,paho816787777153113,topic/maintenance,METAVERSE,19675
1716769781390,paho816787777153113,topic/maintenance,METAVERSE,18752
1716769781390,paho816787777153113,topic/maintenance,METAVERSE,18670
1716769781390,paho816787777153113,topic/maintenance,METAVERSE,19675
1716769781390,paho816787777153113,topic/maintenance,METAVERSE,18630
1716769781390,paho816787777153113,topic/maintenance,METAVERSE,18633
1716769781390,paho816787777153113,topic/maintenance,METAVERSE,18663
1716769781390,paho816787777153113,topic/maintenance,METAVERSE,18725
1716769781390,paho816787777153113,topic/maintenance,METAVERSE,18619
1716769781390,paho816787777153113,topic/maintenance,METAVERSE,18610
1716769781390,paho816787777153113,topic/maintenance,METAVERSE,18589
1716769781390,paho816787777153113,topic/maintenance,METAVERSE,18589
1716769781390,paho816787777153113,topic/maintenance,METAVERSE,18582
1716769781390,paho816787777153113,topic/maintenance,METAVERSE,18582
1716769781390,paho816787777153113,topic/maintenance,METAVERSE,18582
1716769781390,paho816787777153113,topic/maintenance,METAVERSE,18581
1716769781390,paho816787777153113,topic/maintenance,METAVERSE,18581
1716769781390,paho816787777153113,topic/maintenance,METAVERSE,19291
1716769781390,paho816787777153113,topic/maintenance,METAVERSE,18581
1716769781391,paho816787777153113,topic/maintenance,METAVERSE,18582
1716769781391,paho816787777153113,topic/maintenance,METAVERSE,18582
1716769781391,paho816787777153113,topic/maintenance,METAVERSE,18582
1716769781391,paho816787777153113,topic/maintenance,METAVERSE,18582
1716769781391,paho816787777153113,topic/maintenance,METAVERSE,18478
1716769781391,paho816787777153113,topic/maintenance,METAVERSE,18582
1716769781391,paho816787777153113,topic/maintenance,METAVERSE,18582
1716769781391,paho816787777153113,topic/maintenance,METAVERSE,18581
1716769781391,paho816787777153113,topic/maintenance,METAVERSE,18581
1716769781391,paho816787777153113,topic/maintenance,METAVERSE,18581
1716769781391,paho816787777153113,topic/maintenance,METAVERSE,19284
1716769781391,paho816787777153113,topic/maintenance,METAVERSE,18581
1716769781391,paho816787777153113,topic/maintenance,METAVERSE,18581
1716769781391,paho816787777153113,topic/maintenance,METAVERSE,18581
1716769781391,paho816787777153113,topic/maintenance,METAVERSE,18581
1716769781391,paho816787777153113,topic/maintenance,METAVERSE,18581
1716769781391,paho816787777153113,topic/maintenance,METAVERSE,18238
1716769781391,paho816787777153113,topic/maintenance,METAVERSE,18238
1716769781391,paho816787777153113,topic/maintenance,METAVERSE,18581
1716769781391,paho816787777153113,topic/maintenance,METAVERSE,18581
1716769781391,paho816787777153113,topic/maintenance,METAVERSE,18379
1716769781391,paho816787777153113,topic/maintenance,METAVERSE,18581
1716769781391,paho816787777153113,topic/maintenance,METAVERSE,18188
1716769781391,paho816787777153113,topic/maintenance,METAVERSE,18580
1716769781391,paho816787777153113,topic/maintenance,METAVERSE,18185
1716769781391,paho816787777153113,topic/maintenance,METAVERSE,18580
1716769781391,paho816787777153113,topic/maintenance,METAVERSE,18244
1716769781391,paho816787777153113,topic/maintenance,METAVERSE,18580
1716769781391,paho816787777153113,topic/maintenance,METAVERSE,18580
1716769781391,paho816787777153113,topic/maintenance,METAVERSE,18932
1716769781391,paho816787777153113,topic/maintenance,METAVERSE,18580
1716769781391,paho816787777153113,topic/maintenance,METAVERSE,18580
1716769781391,paho816787777153113,topic/maintenance,METAVERSE,18580
1716769781391,paho816787777153113,topic/maintenance,METAVERSE,18580
1716769781391,paho816787777153113,topic/maintenance,METAVERSE,18382
1716769781391,paho816787777153113,topic/maintenance,METAVERSE,18096
1716769781391,paho816787777153113,topic/maintenance,METAVERSE,18381
1716769781392,paho816787777153113,topic/maintenance,METAVERSE,18382
1716769781392,paho816787777153113,topic/maintenance,METAVERSE,18382
1716769781392,paho816787777153113,topic/maintenance,METAVERSE,18177
1716769781392,paho816787777153113,topic/maintenance,METAVERSE,18382
1716769781392,paho816787777153113,topic/maintenance,METAVERSE,18382
1716769781392,paho816787777153113,topic/maintenance,METAVERSE,18933
1716769781392,paho816787777153113,topic/maintenance,METAVERSE,18382
1716769781392,paho816787777153113,topic/maintenance,METAVERSE,18382
1716769781392,paho816787777153113,topic/maintenance,METAVERSE,18382
1716769781392,paho816787777153113,topic/maintenance,METAVERSE,18382
1716769781392,paho816787777153113,topic/maintenance,METAVERSE,18381
1716769781392,paho816787777153113,topic/maintenance,METAVERSE,18381
1716769781392,paho816787777153113,topic/maintenance,METAVERSE,18381
1716769781392,paho816787777153113,topic/maintenance,METAVERSE,18205
1716769781392,paho816787777153113,topic/maintenance,METAVERSE,18205
1716769781392,paho816787777153113,topic/maintenance,METAVERSE,18205
1716769781392,paho816787777153113,topic/maintenance,METAVERSE,18205
1716769781392,paho816787777153113,topic/maintenance,METAVERSE,18204
1716769781392,paho816787777153113,topic/maintenance,METAVERSE,18930
1716769781392,paho816787777153113,topic/maintenance,METAVERSE,18204
1716769781392,paho816787777153113,topic/maintenance,METAVERSE,18204
1716769781392,paho816787777153113,topic/maintenance,METAVERSE,18204
1716769781392,paho816787777153113,topic/maintenance,METAVERSE,18204
1716769781392,paho816787777153113,topic/maintenance,METAVERSE,18204
1716769781392,paho816787777153113,topic/maintenance,METAVERSE,17829
1716769781392,paho816787777153113,topic/maintenance,METAVERSE,18204
1716769781392,paho816787777153113,topic/maintenance,METAVERSE,17697
1716769781392,paho816787777153113,topic/maintenance,METAVERSE,18026
1716769781392,paho816787777153113,topic/maintenance,METAVERSE,18025
1716769781392,paho816787777153113,topic/maintenance,METAVERSE,18025
1716769781392,paho816787777153113,topic/maintenance,METAVERSE,18022
1716769781392,paho816787777153113,topic/maintenance,METAVERSE,18635
1716769781392,paho816787777153113,topic/maintenance,METAVERSE,18022
1716769781392,paho816787777153113,topic/maintenance,METAVERSE,18022
1716769781392,paho816787777153113,topic/maintenance,METAVERSE,18021
1716769781392,paho816787777153113,topic/maintenance,METAVERSE,18021
1716769781393,paho816787777153113,topic/maintenance,METAVERSE,17586
1716769781393,paho816787777153113,topic/maintenance,METAVERSE,17632
1716769781393,paho816787777153113,topic/maintenance,METAVERSE,18021
1716769781393,paho816787777153113,topic/maintenance,METAVERSE,18021
1716769781393,paho816787777153113,topic/maintenance,METAVERSE,18021
1716769781393,paho816787777153113,topic/maintenance,METAVERSE,18021
1716769781393,paho816787777153113,topic/maintenance,METAVERSE,17846
1716769781393,paho816787777153113,topic/maintenance,METAVERSE,17845
1716769781393,paho816787777153113,topic/maintenance,METAVERSE,17845
1716769781393,paho816787777153113,topic/maintenance,METAVERSE,18636
1716769781393,paho816787777153113,topic/maintenance,METAVERSE,17845
1716769781393,paho816787777153113,topic/maintenance,METAVERSE,17845
1716769781393,paho816787777153113,topic/maintenance,METAVERSE,17845
1716769781393,paho816787777153113,topic/maintenance,METAVERSE,17845
1716769781393,paho816787777153113,topic/maintenance,METAVERSE,17845
1716769781393,paho816787777153113,topic/maintenance,METAVERSE,17845
1716769781393,paho816787777153113,topic/maintenance,METAVERSE,17473
1716769781393,paho816787777153113,topic/maintenance,METAVERSE,17845
1716769781393,paho816787777153113,topic/maintenance,METAVERSE,17845
1716769781393,paho816787777153113,topic/maintenance,METAVERSE,17845
1716769781393,paho816787777153113,topic/maintenance,METAVERSE,17683
1716769781393,paho816787777153113,topic/maintenance,METAVERSE,17683
1716769781393,paho816787777153113,topic/maintenance,METAVERSE,17683
1716769781393,paho816787777153113,topic/maintenance,METAVERSE,18209
1716769781393,paho816787777153113,topic/maintenance,METAVERSE,17683
1716769781393,paho816787777153113,topic/maintenance,METAVERSE,17683
1716769781393,paho816787777153113,topic/maintenance,METAVERSE,17683
1716769781393,paho816787777153113,topic/maintenance,METAVERSE,17683
1716769781393,paho816787777153113,topic/maintenance,METAVERSE,17683
1716769781393,paho816787777153113,topic/maintenance,METAVERSE,17254
1716769781393,paho816787777153113,topic/maintenance,METAVERSE,17683
1716769781393,paho816787777153113,topic/maintenance,METAVERSE,17682
1716769781393,paho816787777153113,topic/maintenance,METAVERSE,17682
1716769781393,paho816787777153113,topic/maintenance,METAVERSE,17514
1716769781393,paho816787777153113,topic/maintenance,METAVERSE,17514
1716769781393,paho816787777153113,topic/maintenance,METAVERSE,18209
1716769781394,paho816787777153113,topic/maintenance,METAVERSE,17515
1716769781394,paho816787777153113,topic/maintenance,METAVERSE,17240
1716769781394,paho816787777153113,topic/maintenance,METAVERSE,17515
1716769781394,paho816787777153113,topic/maintenance,METAVERSE,17515
1716769781394,paho816787777153113,topic/maintenance,METAVERSE,17515
1716769781394,paho816787777153113,topic/maintenance,METAVERSE,17209
1716769781394,paho816787777153113,topic/maintenance,METAVERSE,17515
1716769781394,paho816787777153113,topic/maintenance,METAVERSE,17514
1716769781394,paho816787777153113,topic/maintenance,METAVERSE,17514
1716769781394,paho816787777153113,topic/maintenance,METAVERSE,17514
1716769781394,paho816787777153113,topic/maintenance,METAVERSE,17059
1716769781394,paho816787777153113,topic/maintenance,METAVERSE,17166
1716769781394,paho816787777153113,topic/maintenance,METAVERSE,17514
1716769781394,paho816787777153113,topic/maintenance,METAVERSE,17503
1716769781394,paho816787777153113,topic/maintenance,METAVERSE,17494
1716769781394,paho816787777153113,topic/maintenance,METAVERSE,17326
1716769781394,paho816787777153113,topic/maintenance,METAVERSE,18209
1716769781394,paho816787777153113,topic/maintenance,METAVERSE,17326
1716769781394,paho816787777153113,topic/maintenance,METAVERSE,17064
1716769781394,paho816787777153113,topic/maintenance,METAVERSE,17321
1716769781394,paho816787777153113,topic/maintenance,METAVERSE,17321
1716769781394,paho816787777153113,topic/maintenance,METAVERSE,17321
1716769781394,paho816787777153113,topic/maintenance,METAVERSE,17321
1716769781394,paho816787777153113,topic/maintenance,METAVERSE,17321
1716769781394,paho816787777153113,topic/maintenance,METAVERSE,17321
1716769781394,paho816787777153113,topic/maintenance,METAVERSE,17321
1716769781394,paho816787777153113,topic/maintenance,METAVERSE,17321
1716769781394,paho816787777153113,topic/maintenance,METAVERSE,17321
1716769781394,paho816787777153113,topic/maintenance,METAVERSE,17784
1716769781394,paho816787777153113,topic/maintenance,METAVERSE,17308
1716769781394,paho816787777153113,topic/maintenance,METAVERSE,17308
1716769781394,paho816787777153113,topic/maintenance,METAVERSE,17308
1716769781394,paho816787777153113,topic/maintenance,METAVERSE,17134
1716769781395,paho816787777153113,topic/maintenance,METAVERSE,17135
1716769781395,paho816787777153113,topic/maintenance,METAVERSE,17129
1716769781395,paho816787777153113,topic/maintenance,METAVERSE,17129
1716769781395,paho816787777153113,topic/maintenance,METAVERSE,17129
1716769781395,paho816787777153113,topic/maintenance,METAVERSE,17127
1716769781395,paho816787777153113,topic/maintenance,METAVERSE,16813
1716769781395,paho816787777153113,topic/maintenance,METAVERSE,17127
1716769781395,paho816787777153113,topic/maintenance,METAVERSE,17127
1716769781395,paho816787777153113,topic/maintenance,METAVERSE,17127
1716769781395,paho816787777153113,topic/maintenance,METAVERSE,17782
1716769781395,paho816787777153113,topic/maintenance,METAVERSE,17127
1716769781395,paho816787777153113,topic/maintenance,METAVERSE,16732
1716769781395,paho816787777153113,topic/maintenance,METAVERSE,17127
1716769781395,paho816787777153113,topic/maintenance,METAVERSE,16964
1716769781395,paho816787777153113,topic/maintenance,METAVERSE,16964
1716769781395,paho816787777153113,topic/maintenance,METAVERSE,16964
1716769781395,paho816787777153113,topic/maintenance,METAVERSE,16964
1716769781395,paho816787777153113,topic/maintenance,METAVERSE,16964
1716769781395,paho816787777153113,topic/maintenance,METAVERSE,16960
1716769781395,paho816787777153113,topic/maintenance,METAVERSE,16959
1716769781395,paho816787777153113,topic/maintenance,METAVERSE,16625
1716769781395,paho816787777153113,topic/maintenance,METAVERSE,16959
1716769781395,paho816787777153113,topic/maintenance,METAVERSE,16694
1716769781395,paho816787777153113,topic/maintenance,METAVERSE,17781
1716769781395,paho816787777153113,topic/maintenance,METAVERSE,16959
1716769781395,paho816787777153113,topic/maintenance,METAVERSE,16956
1716769781395,paho816787777153113,topic/maintenance,METAVERSE,16954
1716769781395,paho816787777153113,topic/maintenance,METAVERSE,16953
1716769781395,paho816787777153113,topic/maintenance,METAVERSE,16788
1716769781395,paho816787777153113,topic/maintenance,METAVERSE,16781
1716769781395,paho816787777153113,topic/maintenance,METAVERSE,16781
1716769781395,paho816787777153113,topic/maintenance,METAVERSE,16780
1716769781395,paho816787777153113,topic/maintenance,METAVERSE,16762
1716769781395,paho816787777153113,topic/maintenance,METAVERSE,16474
1716769781396,paho816787777153113,topic/maintenance,METAVERSE,16410
1716769781396,paho816787777153113,topic/maintenance,METAVERSE,16762
1716769781396,paho816787777153113,topic/maintenance,METAVERSE,16761
1716769781396,paho816787777153113,topic/maintenance,METAVERSE,16758
1716769781396,paho816787777153113,topic/maintenance,METAVERSE,16647
1716769781396,paho816787777153113,topic/maintenance,METAVERSE,17370
1716769781396,paho816787777153113,topic/maintenance,METAVERSE,16758
1716769781396,paho816787777153113,topic/maintenance,METAVERSE,16758
1716769781396,paho816787777153113,topic/maintenance,METAVERSE,16758
1716769781396,paho816787777153113,topic/maintenance,METAVERSE,16758
1716769781396,paho816787777153113,topic/maintenance,METAVERSE,16758
1716769781396,paho816787777153113,topic/maintenance,METAVERSE,16757
1716769781396,paho816787777153113,topic/maintenance,METAVERSE,16570
1716769781396,paho816787777153113,topic/maintenance,METAVERSE,16562
1716769781396,paho816787777153113,topic/maintenance,METAVERSE,16226
1716769781396,paho816787777153113,topic/maintenance,METAVERSE,16545
1716769781396,paho816787777153113,topic/maintenance,METAVERSE,16545
1716769781396,paho816787777153113,topic/maintenance,METAVERSE,16190
1716769781396,paho816787777153113,topic/maintenance,METAVERSE,17370
1716769781396,paho816787777153113,topic/maintenance,METAVERSE,16545
1716769781396,paho816787777153113,topic/maintenance,METAVERSE,16545
1716769781396,paho816787777153113,topic/maintenance,METAVERSE,16545
1716769781396,paho816787777153113,topic/maintenance,METAVERSE,16224
1716769781396,paho816787777153113,topic/maintenance,METAVERSE,16229
1716769781396,paho816787777153113,topic/maintenance,METAVERSE,16545
1716769781396,paho816787777153113,topic/maintenance,METAVERSE,16545
1716769781396,paho816787777153113,topic/maintenance,METAVERSE,16545
1716769781396,paho816787777153113,topic/maintenance,METAVERSE,16545
1716769781396,paho816787777153113,topic/maintenance,METAVERSE,16099
1716769781396,paho816787777153113,topic/maintenance,METAVERSE,16545
1716769781396,paho816787777153113,topic/maintenance,METAVERSE,16545
1716769781396,paho816787777153113,topic/maintenance,METAVERSE,16368
1716769781396,paho816787777153113,topic/maintenance,METAVERSE,16344
1716769781396,paho816787777153113,topic/maintenance,METAVERSE,16344
1716769781396,paho816787777153113,topic/maintenance,METAVERSE,16952
1716769781396,paho816787777153113,topic/maintenance,METAVERSE,16344
1716769781397,paho816787777153113,topic/maintenance,METAVERSE,16345
1716769781397,paho816787777153113,topic/maintenance,METAVERSE,16345
1716769781397,paho816787777153113,topic/maintenance,METAVERSE,16066
1716769781397,paho816787777153113,topic/maintenance,METAVERSE,16014
1716769781397,paho816787777153113,topic/maintenance,METAVERSE,16343
1716769781397,paho816787777153113,topic/maintenance,METAVERSE,16343
1716769781397,paho816787777153113,topic/maintenance,METAVERSE,16343
1716769781397,paho816787777153113,topic/maintenance,METAVERSE,16342
1716769781397,paho816787777153113,topic/maintenance,METAVERSE,16342
1716769781397,paho816787777153113,topic/maintenance,METAVERSE,16325
1716769781397,paho816787777153113,topic/maintenance,METAVERSE,16325
1716769781397,paho816787777153113,topic/maintenance,METAVERSE,16325
1716769781397,paho816787777153113,topic/maintenance,METAVERSE,16952
1716769781397,paho816787777153113,topic/maintenance,METAVERSE,16324
1716769781397,paho816787777153113,topic/maintenance,METAVERSE,16164
1716769781397,paho816787777153113,topic/maintenance,METAVERSE,15828
1716769781397,paho816787777153113,topic/maintenance,METAVERSE,16164
1716769781397,paho816787777153113,topic/maintenance,METAVERSE,15814
1716769781397,paho816787777153113,topic/maintenance,METAVERSE,16164
1716769781397,paho816787777153113,topic/maintenance,METAVERSE,16164
1716769781397,paho816787777153113,topic/maintenance,METAVERSE,16160
1716769781397,paho816787777153113,topic/maintenance,METAVERSE,16160
1716769781397,paho816787777153113,topic/maintenance,METAVERSE,16159
1716769781397,paho816787777153113,topic/maintenance,METAVERSE,16159
1716769781397,paho816787777153113,topic/maintenance,METAVERSE,15889
1716769781397,paho816787777153113,topic/maintenance,METAVERSE,16159
1716769781397,paho816787777153113,topic/maintenance,METAVERSE,16952
1716769781397,paho816787777153113,topic/maintenance,METAVERSE,16159
1716769781397,paho816787777153113,topic/maintenance,METAVERSE,16159
1716769781397,paho816787777153113,topic/maintenance,METAVERSE,15997
1716769781397,paho816787777153113,topic/maintenance,METAVERSE,15987
1716769781397,paho816787777153113,topic/maintenance,METAVERSE,15987
1716769781397,paho816787777153113,topic/maintenance,METAVERSE,15986
1716769781397,paho816787777153113,topic/maintenance,METAVERSE,15986
1716769781397,paho816787777153113,topic/maintenance,METAVERSE,15986
1716769781397,paho816787777153113,topic/maintenance,METAVERSE,15986
1716769781397,paho816787777153113,topic/maintenance,METAVERSE,15986
1716769781397,paho816787777153113,topic/maintenance,METAVERSE,15986
1716769781398,paho816787777153113,topic/maintenance,METAVERSE,15987
1716769781407,paho816787777153113,topic/maintenance,METAVERSE,15635
1716769781407,paho816787777153113,topic/maintenance,METAVERSE,16500
1716769781407,paho816787777153113,topic/maintenance,METAVERSE,15996
1716769781407,paho816787777153113,topic/maintenance,METAVERSE,15995
1716769781417,paho816787777153113,topic/maintenance,METAVERSE,15665
1716769781417,paho816787777153113,topic/maintenance,METAVERSE,15993
1716769781417,paho816787777153113,topic/maintenance,METAVERSE,15544
1716769781417,paho816787777153113,topic/maintenance,METAVERSE,15819
1716769781417,paho816787777153113,topic/maintenance,METAVERSE,15766
1716769781417,paho816787777153113,topic/maintenance,METAVERSE,15766
1716769781417,paho816787777153113,topic/maintenance,METAVERSE,15766
1716769781417,paho816787777153113,topic/maintenance,METAVERSE,15766
1716769781417,paho816787777153113,topic/maintenance,METAVERSE,15766
1716769781417,paho816787777153113,topic/maintenance,METAVERSE,15766
1716769781417,paho816787777153113,topic/maintenance,METAVERSE,15490
1716769781417,paho816787777153113,topic/maintenance,METAVERSE,16510
1716769781417,paho816787777153113,topic/maintenance,METAVERSE,15753
1716769781417,paho816787777153113,topic/maintenance,METAVERSE,15752
1716769781417,paho816787777153113,topic/maintenance,METAVERSE,15752
1716769781417,paho816787777153113,topic/maintenance,METAVERSE,15752
1716769781417,paho816787777153113,topic/maintenance,METAVERSE,15752
1716769781417,paho816787777153113,topic/maintenance,METAVERSE,15322
1716769781417,paho816787777153113,topic/maintenance,METAVERSE,15752
1716769781417,paho816787777153113,topic/maintenance,METAVERSE,15752
1716769781418,paho816787777153113,topic/maintenance,METAVERSE,15753
1716769781418,paho816787777153113,topic/maintenance,METAVERSE,15752
1716769781418,paho816787777153113,topic/maintenance,METAVERSE,15273
1716769781418,paho816787777153113,topic/maintenance,METAVERSE,15572
1716769781418,paho816787777153113,topic/maintenance,METAVERSE,15568
1716769781418,paho816787777153113,topic/maintenance,METAVERSE,15568
1716769781418,paho816787777153113,topic/maintenance,METAVERSE,16031
1716769781418,paho816787777153113,topic/maintenance,METAVERSE,15568
1716769781418,paho816787777153113,topic/maintenance,METAVERSE,15553
1716769781418,paho816787777153113,topic/maintenance,METAVERSE,15542
1716769781418,paho816787777153113,topic/maintenance,METAVERSE,15542
1716769781418,paho816787777153113,topic/maintenance,METAVERSE,15542
1716769781418,paho816787777153113,topic/maintenance,METAVERSE,15233
1716769781418,paho816787777153113,topic/maintenance,METAVERSE,15542
1716769781418,paho816787777153113,topic/maintenance,METAVERSE,15542
1716769781418,paho816787777153113,topic/maintenance,METAVERSE,15542
1716769781418,paho816787777153113,topic/maintenance,METAVERSE,15520
1716769781418,paho816787777153113,topic/maintenance,METAVERSE,15517
1716769781418,paho816787777153113,topic/maintenance,METAVERSE,16030
1716769781418,paho816787777153113,topic/maintenance,METAVERSE,15486
1716769781421,paho816787777153113,topic/maintenance,METAVERSE,15489
1716769781421,paho816787777153113,topic/maintenance,METAVERSE,15489
1716769781421,paho816787777153113,topic/maintenance,METAVERSE,15489
1716769781421,paho816787777153113,topic/maintenance,METAVERSE,15488
1716769781421,paho816787777153113,topic/maintenance,METAVERSE,15075
1716769781421,paho816787777153113,topic/maintenance,METAVERSE,15463
1716769781421,paho816787777153113,topic/maintenance,METAVERSE,15439
1716769781421,paho816787777153113,topic/maintenance,METAVERSE,15439
1716769781421,paho816787777153113,topic/maintenance,METAVERSE,15248
1716769781421,paho816787777153113,topic/maintenance,METAVERSE,15243
1716769781421,paho816787777153113,topic/maintenance,METAVERSE,15224
1716769781421,paho816787777153113,topic/maintenance,METAVERSE,15223
1716769781421,paho816787777153113,topic/maintenance,METAVERSE,16033
1716769781421,paho816787777153113,topic/maintenance,METAVERSE,15210
1716769781421,paho816787777153113,topic/maintenance,METAVERSE,15208
1716769781421,paho816787777153113,topic/maintenance,METAVERSE,15201
1716769781421,paho816787777153113,topic/maintenance,METAVERSE,15165
1716769781421,paho816787777153113,topic/maintenance,METAVERSE,15165
1716769781421,paho816787777153113,topic/maintenance,METAVERSE,15164
1716769781421,paho816787777153113,topic/maintenance,METAVERSE,15163
1716769781421,paho816787777153113,topic/maintenance,METAVERSE,15158
1716769781421,paho816787777153113,topic/maintenance,METAVERSE,15158
1716769781421,paho816787777153113,topic/maintenance,METAVERSE,14834
1716769781421,paho816787777153113,topic/maintenance,METAVERSE,15158
1716769781421,paho816787777153113,topic/maintenance,METAVERSE,16033
1716769781422,paho816787777153113,topic/maintenance,METAVERSE,15154
1716769781422,paho816787777153113,topic/maintenance,METAVERSE,15117
1716769781432,paho816787777153113,topic/maintenance,METAVERSE,15118
1716769781432,paho816787777153113,topic/maintenance,METAVERSE,15102
1716769781432,paho816787777153113,topic/maintenance,METAVERSE,15102
1716769781432,paho816787777153113,topic/maintenance,METAVERSE,15102
1716769781432,paho816787777153113,topic/maintenance,METAVERSE,15101
1716769781432,paho816787777153113,topic/maintenance,METAVERSE,15059
1716769781433,paho816787777153113,topic/maintenance,METAVERSE,15014
1716769781433,paho816787777153113,topic/maintenance,METAVERSE,14987
1716769781433,paho816787777153113,topic/maintenance,METAVERSE,14987
1716769781433,paho816787777153113,topic/maintenance,METAVERSE,14955
1716769781433,paho816787777153113,topic/maintenance,METAVERSE,14656
1716769781433,paho816787777153113,topic/maintenance,METAVERSE,15489
1716769781433,paho816787777153113,topic/maintenance,METAVERSE,14945
1716769781433,paho816787777153113,topic/maintenance,METAVERSE,14894
1716769781433,paho816787777153113,topic/maintenance,METAVERSE,14894
1716769781433,paho816787777153113,topic/maintenance,METAVERSE,14886
1716769781433,paho816787777153113,topic/maintenance,METAVERSE,14873
1716769781433,paho816787777153113,topic/maintenance,METAVERSE,14831
1716769781433,paho816787777153113,topic/maintenance,METAVERSE,14743
1716769781433,paho816787777153113,topic/maintenance,METAVERSE,14730
1716769781433,paho816787777153113,topic/maintenance,METAVERSE,14704
1716769781433,paho816787777153113,topic/maintenance,METAVERSE,14704
1716769781433,paho816787777153113,topic/maintenance,METAVERSE,14621
1716769781433,paho816787777153113,topic/maintenance,METAVERSE,15489
1716769781433,paho816787777153113,topic/maintenance,METAVERSE,14499
1716769781433,paho816787777153113,topic/maintenance,METAVERSE,14555
1716769781433,paho816787777153113,topic/maintenance,METAVERSE,14546
1716769781433,paho816787777153113,topic/maintenance,METAVERSE,14452
1716769781433,paho816787777153113,topic/maintenance,METAVERSE,14364
1716769781433,paho816787777153113,topic/maintenance,METAVERSE,14361
1716769781433,paho816787777153113,topic/maintenance,METAVERSE,15489
1716769781433,paho816787777153113,topic/maintenance,METAVERSE,14325
1716769781433,paho816787777153113,topic/maintenance,METAVERSE,14303
1716769781433,paho816787777153113,topic/maintenance,METAVERSE,14303
1716769781433,paho816787777153113,topic/maintenance,METAVERSE,14303
1716769781433,paho816787777153113,topic/maintenance,METAVERSE,14275
1716769781433,paho816787777153113,topic/maintenance,METAVERSE,14250
1716769781433,paho816787777153113,topic/maintenance,METAVERSE,14221
1716769781433,paho816787777153113,topic/maintenance,METAVERSE,14249
1716769781433,paho816787777153113,topic/maintenance,METAVERSE,14249
1716769781433,paho816787777153113,topic/maintenance,METAVERSE,14249
1716769781433,paho816787777153113,topic/maintenance,METAVERSE,14178
1716769781433,paho816787777153113,topic/maintenance,METAVERSE,14166
1716769781433,paho816787777153113,topic/maintenance,METAVERSE,14230
1716769781433,paho816787777153113,topic/maintenance,METAVERSE,14165
1716769781433,paho816787777153113,topic/maintenance,METAVERSE,15052
1716769781436,paho816787777153113,topic/maintenance,METAVERSE,14168
1716769781436,paho816787777153113,topic/maintenance,METAVERSE,14168
1716769781436,paho816787777153113,topic/maintenance,METAVERSE,14168
1716769781436,paho816787777153113,topic/maintenance,METAVERSE,14089
1716769781436,paho816787777153113,topic/maintenance,METAVERSE,14133
1716769781436,paho816787777153113,topic/maintenance,METAVERSE,14098
1716769781436,paho816787777153113,topic/maintenance,METAVERSE,14039
1716769781436,paho816787777153113,topic/maintenance,METAVERSE,14062
1716769781436,paho816787777153113,topic/maintenance,METAVERSE,15055
1716769781436,paho816787777153113,topic/maintenance,METAVERSE,14062
1716769781436,paho816787777153113,topic/maintenance,METAVERSE,14062
1716769781436,paho816787777153113,topic/maintenance,METAVERSE,14069
1716769781436,paho816787777153113,topic/maintenance,METAVERSE,13991
1716769781436,paho816787777153113,topic/maintenance,METAVERSE,13959
1716769781436,paho816787777153113,topic/maintenance,METAVERSE,13959
1716769781436,paho816787777153113,topic/maintenance,METAVERSE,13959
1716769781436,paho816787777153113,topic/maintenance,METAVERSE,13928
1716769781437,paho816787777153113,topic/maintenance,METAVERSE,15056
1716769781437,paho816787777153113,topic/maintenance,METAVERSE,14031
1716769781437,paho816787777153113,topic/maintenance,METAVERSE,13906
1716769781437,paho816787777153113,topic/maintenance,METAVERSE,13899
1716769781437,paho816787777153113,topic/maintenance,METAVERSE,13880
1716769781437,paho816787777153113,topic/maintenance,METAVERSE,13880
1716769781437,paho816787777153113,topic/maintenance,METAVERSE,13880
1716769781437,paho816787777153113,topic/maintenance,METAVERSE,13798
1716769781437,paho816787777153113,topic/maintenance,METAVERSE,13878
1716769781437,paho816787777153113,topic/maintenance,METAVERSE,13862
1716769781437,paho816787777153113,topic/maintenance,METAVERSE,13862
1716769781437,paho816787777153113,topic/maintenance,METAVERSE,13861
1716769781437,paho816787777153113,topic/maintenance,METAVERSE,13861
1716769781437,paho816787777153113,topic/maintenance,METAVERSE,13849
1716769781437,paho816787777153113,topic/maintenance,METAVERSE,14632
1716769781437,paho816787777153113,topic/maintenance,METAVERSE,13822
1716769781437,paho816787777153113,topic/maintenance,METAVERSE,13821
1716769781437,paho816787777153113,topic/maintenance,METAVERSE,13821
1716769781437,paho816787777153113,topic/maintenance,METAVERSE,13821
1716769781437,paho816787777153113,topic/maintenance,METAVERSE,13636
1716769781437,paho816787777153113,topic/maintenance,METAVERSE,13821
1716769781437,paho816787777153113,topic/maintenance,METAVERSE,13821
1716769781437,paho816787777153113,topic/maintenance,METAVERSE,13821
1716769781437,paho816787777153113,topic/maintenance,METAVERSE,13820
1716769781437,paho816787777153113,topic/maintenance,METAVERSE,13820
1716769781437,paho816787777153113,topic/maintenance,METAVERSE,13742
1716769781437,paho816787777153113,topic/maintenance,METAVERSE,13820
1716769781437,paho816787777153113,topic/maintenance,METAVERSE,13658
1716769781437,paho816787777153113,topic/maintenance,METAVERSE,13820
1716769781437,paho816787777153113,topic/maintenance,METAVERSE,13658
1716769781437,paho816787777153113,topic/maintenance,METAVERSE,13820
1716769781437,paho816787777153113,topic/maintenance,METAVERSE,14632
1716769781437,paho816787777153113,topic/maintenance,METAVERSE,13820
1716769781437,paho816787777153113,topic/maintenance,METAVERSE,13801
1716769781437,paho816787777153113,topic/maintenance,METAVERSE,13774
1716769781437,paho816787777153113,topic/maintenance,METAVERSE,13769
1716769781437,paho816787777153113,topic/maintenance,METAVERSE,13678
1716769781437,paho816787777153113,topic/maintenance,METAVERSE,13650
1716769781437,paho816787777153113,topic/maintenance,METAVERSE,13612
1716769781437,paho816787777153113,topic/maintenance,METAVERSE,13593
1716769781438,paho816787777153113,topic/maintenance,METAVERSE,13502
1716769781438,paho816787777153113,topic/maintenance,METAVERSE,13557
1716769781438,paho816787777153113,topic/maintenance,METAVERSE,13527
1716769781438,paho816787777153113,topic/maintenance,METAVERSE,14247
1716769781438,paho816787777153113,topic/maintenance,METAVERSE,13526
1716769781438,paho816787777153113,topic/maintenance,METAVERSE,13526
1716769781438,paho816787777153113,topic/maintenance,METAVERSE,13526
1716769781438,paho816787777153113,topic/maintenance,METAVERSE,13526
1716769781438,paho816787777153113,topic/maintenance,METAVERSE,13526
1716769781438,paho816787777153113,topic/maintenance,METAVERSE,13526
1716769781438,paho816787777153113,topic/maintenance,METAVERSE,13526
1716769781438,paho816787777153113,topic/maintenance,METAVERSE,13267
1716769781438,paho816787777153113,topic/maintenance,METAVERSE,13525
1716769781438,paho816787777153113,topic/maintenance,METAVERSE,13413
1716769781438,paho816787777153113,topic/maintenance,METAVERSE,13525
1716769781438,paho816787777153113,topic/maintenance,METAVERSE,13445
1716769781438,paho816787777153113,topic/maintenance,METAVERSE,13211
1716769781438,paho816787777153113,topic/maintenance,METAVERSE,13444
1716769781438,paho816787777153113,topic/maintenance,METAVERSE,13444
1716769781438,paho816787777153113,topic/maintenance,METAVERSE,14246
1716769781438,paho816787777153113,topic/maintenance,METAVERSE,13444
1716769781438,paho816787777153113,topic/maintenance,METAVERSE,13444
1716769781438,paho816787777153113,topic/maintenance,METAVERSE,13444
1716769781438,paho816787777153113,topic/maintenance,METAVERSE,13444
1716769781438,paho816787777153113,topic/maintenance,METAVERSE,13443
1716769781438,paho816787777153113,topic/maintenance,METAVERSE,13207
1716769781438,paho816787777153113,topic/maintenance,METAVERSE,13443
1716769781438,paho816787777153113,topic/maintenance,METAVERSE,13443
1716769781438,paho816787777153113,topic/maintenance,METAVERSE,13087
1716769781438,paho816787777153113,topic/maintenance,METAVERSE,13443
1716769781438,paho816787777153113,topic/maintenance,METAVERSE,13443
1716769781438,paho816787777153113,topic/maintenance,METAVERSE,13422
1716769781438,paho816787777153113,topic/maintenance,METAVERSE,14246
1716769781438,paho816787777153113,topic/maintenance,METAVERSE,13194
1716769781438,paho816787777153113,topic/maintenance,METAVERSE,13422
1716769781438,paho816787777153113,topic/maintenance,METAVERSE,13421
1716769781508,paho816787776828664,topic/occupancy,METAVERSE,687
1716769781620,paho816787776828664,topic/occupancy,METAVERSE,727
1716769781784,paho816787776828664,topic/occupancy,METAVERSE,893
1716769781924,paho816787776998330,topic/b/lighting,METAVERSE,190
1716769781924,paho816787775870319,topic/b/lighting,METAVERSE,190
1716769781932,paho816787776998330,topic/e/lighting,METAVERSE,109
1716769781933,paho816787775870319,topic/e/lighting,METAVERSE,110
1716769781952,paho816787776828664,topic/occupancy,METAVERSE,624
1716769782098,paho816787776828664,topic/occupancy,METAVERSE,591
1716769782369,paho816787776828664,topic/occupancy,METAVERSE,241
1716769782589,paho816787776828664,topic/occupancy,METAVERSE,317
1716769782618,paho816787775870319,topic/c/rfid,METAVERSE,15
1716769782618,paho816787776828664,topic/queueing,METAVERSE,15
1716769782696,paho816787776828664,topic/occupancy,METAVERSE,237
1716769782824,paho816787776828664,topic/occupancy,METAVERSE,364
1716769782832,paho816787776998330,topic/b/lighting,METAVERSE,189
1716769782832,paho816787775870319,topic/b/lighting,METAVERSE,189
1716769782854,paho816787775870319,topic/s/noise,METAVERSE,13
1716769782887,paho816787775870319,topic/c/lighting,METAVERSE,13
1716769782887,paho816787776998330,topic/c/lighting,METAVERSE,13
1716769782912,paho816787775870319,topic/b/lighting,METAVERSE,208
1716769782912,paho816787776998330,topic/b/lighting,METAVERSE,208
1716769782960,paho816787776828664,topic/occupancy,METAVERSE,357
1716769783033,paho816787775870319,topic/c/lighting,METAVERSE,34
1716769783033,paho816787776998330,topic/c/lighting,METAVERSE,34
1716769783044,paho816787776828664,topic/occupancy,METAVERSE,279
1716769783070,paho816787775870319,topic/b/noise,METAVERSE,192
1716769783160,paho816787776828664,topic/occupancy,METAVERSE,266
1716769783248,paho816787775870319,topic/b/noise,METAVERSE,181
1716769783270,paho816787776828664,topic/occupancy,METAVERSE,376
1716769783359,paho816787775870319,topic/c/noise,METAVERSE,16
1716769783387,paho816787776828664,topic/occupancy,METAVERSE,509
1716769783461,paho816787775870319,topic/b/lighting,METAVERSE,183
1716769783461,paho816787776998330,topic/b/lighting,METAVERSE,183
1716769783504,paho816787776828664,topic/occupancy,METAVERSE,163
1716769783521,paho816787775870319,topic/b/noise,METAVERSE,207
1716769783638,paho816787775870319,topic/c/rfid,METAVERSE,23
1716769783639,paho816787776828664,topic/queueing,METAVERSE,24
1716769783860,paho816787776828664,topic/occupancy,METAVERSE,245
1716769783885,paho816787775870319,topic/d/noise,METAVERSE,12
1716769784010,paho816787776828664,topic/occupancy,METAVERSE,476
1716769784145,paho816787775870319,topic/s/lighting,METAVERSE,13
1716769784146,paho816787776998330,topic/s/lighting,METAVERSE,14
1716769784340,paho816787775870319,topic/v/lighting,METAVERSE,85
1716769784340,paho816787776998330,topic/v/lighting,METAVERSE,85
1716769784346,paho816787776828664,topic/occupancy,METAVERSE,179
1716769784431,paho816787776828664,topic/occupancy,METAVERSE,158
1716769784459,paho816787775870319,topic/v/noise,METAVERSE,86
1716769784468,paho816787775870319,topic/d/noise,METAVERSE,56
1716769784520,paho816787775870319,topic/e/noise,METAVERSE,137
1716769784735,paho816787775870319,topic/s/lighting,METAVERSE,15
1716769784736,paho816787776998330,topic/s/lighting,METAVERSE,16
1716769784744,paho816787776828664,topic/occupancy,METAVERSE,282
1716769784816,paho816787775870319,topic/e/noise,METAVERSE,113
1716769784900,paho816787776828664,topic/occupancy,METAVERSE,432
1716769785069,paho816787776828664,topic/occupancy,METAVERSE,302
1716769785090,paho816787775870319,topic/g/noise,METAVERSE,18
1716769785216,paho816787776828664,topic/occupancy,METAVERSE,316
1716769785344,paho816787775870319,topic/g/lighting,METAVERSE,13
1716769785344,paho816787776998330,topic/g/lighting,METAVERSE,13
1716769785386,paho816787776828664,topic/occupancy,METAVERSE,484
1716769785399,paho816787775870319,topic/s/noise,METAVERSE,17
1716769785499,paho816787776998330,topic/e/lighting,METAVERSE,132
1716769785499,paho816787775870319,topic/e/lighting,METAVERSE,132
1716769785507,paho816787776998330,topic/g/lighting,METAVERSE,13
1716769785507,paho816787775870319,topic/g/lighting,METAVERSE,13
1716769785556,paho816787776828664,topic/occupancy,METAVERSE,672
1716769785610,paho816787775870319,topic/g/noise,METAVERSE,13
1716769785668,paho816787776828664,topic/occupancy,METAVERSE,273
1716769785789,paho816787775870319,topic/b/noise,METAVERSE,188
1716769785935,paho816787776828664,topic/occupancy,METAVERSE,369
1716769786277,paho816787775870319,topic/d/lighting,METAVERSE,14
1716769786277,paho816787776998330,topic/d/lighting,METAVERSE,14
1716769786323,paho816787776998330,topic/d/lighting,METAVERSE,13
1716769786323,paho816787775870319,topic/d/lighting,METAVERSE,13
1716769786377,paho816787776998330,topic/b/lighting,METAVERSE,185
1716769786377,paho816787775870319,topic/b/lighting,METAVERSE,185
1716769786440,paho816787776828664,topic/occupancy,METAVERSE,214
1716769786542,paho816787776828664,topic/occupancy,METAVERSE,254
1716769786653,paho816787775870319,topic/c/rfid,METAVERSE,27
1716769786653,paho816787776828664,topic/queueing,METAVERSE,27
1716769786660,paho816787775870319,topic/c/rfid,METAVERSE,20
1716769786661,paho816787776828664,topic/queueing,METAVERSE,21
1716769786727,paho816787776828664,topic/occupancy,METAVERSE,264
1716769786840,paho816787776828664,topic/occupancy,METAVERSE,360
1716769786944,paho816787776998330,topic/e/lighting,METAVERSE,117
1716769786945,paho816787775870319,topic/e/lighting,METAVERSE,118
1716769786950,paho816787776998330,topic/b/lighting,METAVERSE,189
1716769786950,paho816787775870319,topic/b/lighting,METAVERSE,189
1716769786950,paho816787776828664,topic/occupancy,METAVERSE,324
1716769787109,paho816787776828664,topic/occupancy,METAVERSE,469
1716769787201,paho816787776828664,topic/occupancy,METAVERSE,433
1716769787298,paho816787776828664,topic/occupancy,METAVERSE,378
1716769787460,paho816787776828664,topic/occupancy,METAVERSE,550
1716769787578,paho816787776828664,topic/occupancy,METAVERSE,689
1716769787708,paho816787776828664,topic/occupancy,METAVERSE,312
1716769787711,paho816787775870319,topic/c/rfid,METAVERSE,64
1716769787712,paho816787776828664,topic/queueing,METAVERSE,65
1716769787720,paho816787775870319,topic/c/rfid,METAVERSE,20
1716769787721,paho816787776828664,topic/queueing,METAVERSE,21
1716769787733,paho816787775870319,topic/c/rfid,METAVERSE,33
1716769787734,paho816787776828664,topic/queueing,METAVERSE,34
1716769787834,paho816787776998330,topic/b/lighting,METAVERSE,190
1716769787834,paho816787775870319,topic/b/lighting,METAVERSE,190
1716769787858,paho816787776828664,topic/occupancy,METAVERSE,211
1716769787874,paho816787775870319,topic/s/noise,METAVERSE,15
1716769787900,paho816787775870319,topic/c/lighting,METAVERSE,11
1716769787901,paho816787776998330,topic/c/lighting,METAVERSE,12
1716769787959,paho816787776998330,topic/b/lighting,METAVERSE,200
1716769787959,paho816787775870319,topic/b/lighting,METAVERSE,200
1716769787982,paho816787776828664,topic/occupancy,METAVERSE,410
1716769788048,paho816787776998330,topic/c/lighting,METAVERSE,24
1716769788049,paho816787775870319,topic/c/lighting,METAVERSE,25
1716769788066,paho816787775870319,topic/b/noise,METAVERSE,187
1716769788116,paho816787777153113,topic/maintenance,METAVERSE,20099
1716769788116,paho816787777153113,topic/maintenance,METAVERSE,20099
1716769788116,paho816787777153113,topic/maintenance,METAVERSE,19693
1716769788116,paho816787777153113,topic/maintenance,METAVERSE,19673
1716769788116,paho816787777153113,topic/maintenance,METAVERSE,20099
1716769788116,paho816787777153113,topic/maintenance,METAVERSE,20099
1716769788116,paho816787777153113,topic/maintenance,METAVERSE,20099
1716769788116,paho816787777153113,topic/maintenance,METAVERSE,20099
1716769788116,paho816787777153113,topic/maintenance,METAVERSE,20037
1716769788116,paho816787777153113,topic/maintenance,METAVERSE,19998
1716769788116,paho816787777153113,topic/maintenance,METAVERSE,19873
1716769788117,paho816787777153113,topic/maintenance,METAVERSE,20577
1716769788117,paho816787777153113,topic/maintenance,METAVERSE,19838
1716769788117,paho816787777153113,topic/maintenance,METAVERSE,19774
1716769788117,paho816787777153113,topic/maintenance,METAVERSE,19734
1716769788117,paho816787777153113,topic/maintenance,METAVERSE,19678
1716769788117,paho816787777153113,topic/maintenance,METAVERSE,19610
1716769788117,paho816787777153113,topic/maintenance,METAVERSE,19534
1716769788117,paho816787777153113,topic/maintenance,METAVERSE,19494
1716769788117,paho816787777153113,topic/maintenance,METAVERSE,19442
1716769788117,paho816787777153113,topic/maintenance,METAVERSE,20577
1716769788117,paho816787777153113,topic/maintenance,METAVERSE,19402
1716769788117,paho816787777153113,topic/maintenance,METAVERSE,19528
1716769788117,paho816787777153113,topic/maintenance,METAVERSE,19393
1716769788117,paho816787777153113,topic/maintenance,METAVERSE,19345
1716769788117,paho816787777153113,topic/maintenance,METAVERSE,19372
1716769788117,paho816787777153113,topic/maintenance,METAVERSE,20124
1716769788117,paho816787777153113,topic/maintenance,METAVERSE,19296
1716769788117,paho816787777153113,topic/maintenance,METAVERSE,19325
1716769788117,paho816787777153113,topic/maintenance,METAVERSE,19294
1716769788117,paho816787777153113,topic/maintenance,METAVERSE,19269
1716769788117,paho816787777153113,topic/maintenance,METAVERSE,19242
1716769788117,paho816787777153113,topic/maintenance,METAVERSE,20124
1716769788117,paho816787777153113,topic/maintenance,METAVERSE,19326
1716769788117,paho816787777153113,topic/maintenance,METAVERSE,19250
1716769788117,paho816787777153113,topic/maintenance,METAVERSE,19207
1716769788117,paho816787777153113,topic/maintenance,METAVERSE,19243
1716769788117,paho816787777153113,topic/maintenance,METAVERSE,19157
1716769788117,paho816787777153113,topic/maintenance,METAVERSE,20123
1716769788117,paho816787777153113,topic/maintenance,METAVERSE,19179
1716769788118,paho816787777153113,topic/maintenance,METAVERSE,19126
1716769788118,paho816787777153113,topic/maintenance,METAVERSE,19079
1716769788118,paho816787777153113,topic/maintenance,METAVERSE,19085
1716769788118,paho816787777153113,topic/maintenance,METAVERSE,19079
1716769788118,paho816787777153113,topic/maintenance,METAVERSE,19084
1716769788118,paho816787777153113,topic/maintenance,METAVERSE,19084
1716769788118,paho816787777153113,topic/maintenance,METAVERSE,19082
1716769788118,paho816787777153113,topic/maintenance,METAVERSE,19078
1716769788118,paho816787777153113,topic/maintenance,METAVERSE,19048
1716769788118,paho816787777153113,topic/maintenance,METAVERSE,19020
1716769788118,paho816787777153113,topic/maintenance,METAVERSE,18979
1716769788118,paho816787777153113,topic/maintenance,METAVERSE,19691
1716769788118,paho816787777153113,topic/maintenance,METAVERSE,18955
1716769788118,paho816787777153113,topic/maintenance,METAVERSE,18933
1716769788118,paho816787777153113,topic/maintenance,METAVERSE,18902
1716769788118,paho816787777153113,topic/maintenance,METAVERSE,18907
1716769788118,paho816787777153113,topic/maintenance,METAVERSE,19691
1716769788118,paho816787777153113,topic/maintenance,METAVERSE,18857
1716769788118,paho816787777153113,topic/maintenance,METAVERSE,18827
1716769788118,paho816787777153113,topic/maintenance,METAVERSE,18927
1716769788118,paho816787777153113,topic/maintenance,METAVERSE,18887
1716769788118,paho816787777153113,topic/maintenance,METAVERSE,18767
1716769788118,paho816787777153113,topic/maintenance,METAVERSE,19691
1716769788118,paho816787777153113,topic/maintenance,METAVERSE,18783
1716769788118,paho816787777153113,topic/maintenance,METAVERSE,18745
1716769788118,paho816787777153113,topic/maintenance,METAVERSE,18739
1716769788118,paho816787777153113,topic/maintenance,METAVERSE,18787
1716769788118,paho816787777153113,topic/maintenance,METAVERSE,18705
1716769788118,paho816787777153113,topic/maintenance,METAVERSE,18735
1716769788118,paho816787777153113,topic/maintenance,METAVERSE,19347
1716769788118,paho816787777153113,topic/maintenance,METAVERSE,18663
1716769788118,paho816787777153113,topic/maintenance,METAVERSE,18643
1716769788118,paho816787777153113,topic/maintenance,METAVERSE,18694
1716769788118,paho816787777153113,topic/maintenance,METAVERSE,19345
1716769788118,paho816787777153113,topic/maintenance,METAVERSE,18595
1716769788118,paho816787777153113,topic/maintenance,METAVERSE,18547
1716769788118,paho816787777153113,topic/maintenance,METAVERSE,18490
1716769788118,paho816787777153113,topic/maintenance,METAVERSE,19078
1716769788118,paho816787777153113,topic/maintenance,METAVERSE,18455
1716769788119,paho816787777153113,topic/maintenance,METAVERSE,18452
1716769788119,paho816787777153113,topic/maintenance,METAVERSE,18524
1716769788119,paho816787777153113,topic/maintenance,METAVERSE,18385
1716769788119,paho816787777153113,topic/maintenance,METAVERSE,19078
1716769788119,paho816787777153113,topic/maintenance,METAVERSE,18440
1716769788119,paho816787777153113,topic/maintenance,METAVERSE,18344
1716769788119,paho816787777153113,topic/maintenance,METAVERSE,18316
1716769788119,paho816787777153113,topic/maintenance,METAVERSE,18265
1716769788119,paho816787777153113,topic/maintenance,METAVERSE,19078
1716769788119,paho816787777153113,topic/maintenance,METAVERSE,18282
1716769788119,paho816787777153113,topic/maintenance,METAVERSE,18228
1716769788119,paho816787777153113,topic/maintenance,METAVERSE,18292
1716769788119,paho816787777153113,topic/maintenance,METAVERSE,18243
1716769788119,paho816787777153113,topic/maintenance,METAVERSE,18321
1716769788119,paho816787777153113,topic/maintenance,METAVERSE,18762
1716769788119,paho816787777153113,topic/maintenance,METAVERSE,18215
1716769788119,paho816787777153113,topic/maintenance,METAVERSE,18175
1716769788119,paho816787777153113,topic/maintenance,METAVERSE,18172
1716769788119,paho816787777153113,topic/maintenance,METAVERSE,18111
1716769788119,paho816787777153113,topic/maintenance,METAVERSE,18762
1716769788119,paho816787777153113,topic/maintenance,METAVERSE,18080
1716769788119,paho816787777153113,topic/maintenance,METAVERSE,18122
1716769788119,paho816787777153113,topic/maintenance,METAVERSE,18016
1716769788119,paho816787777153113,topic/maintenance,METAVERSE,17983
1716769788119,paho816787777153113,topic/maintenance,METAVERSE,18490
1716769788119,paho816787777153113,topic/maintenance,METAVERSE,17932
1716769788119,paho816787777153113,topic/maintenance,METAVERSE,17915
1716769788119,paho816787777153113,topic/maintenance,METAVERSE,17892
1716769788119,paho816787777153113,topic/maintenance,METAVERSE,18490
1716769788119,paho816787777153113,topic/maintenance,METAVERSE,17873
1716769788119,paho816787777153113,topic/maintenance,METAVERSE,17880
1716769788119,paho816787777153113,topic/maintenance,METAVERSE,17784
1716769788119,paho816787777153113,topic/maintenance,METAVERSE,18489
1716769788119,paho816787777153113,topic/maintenance,METAVERSE,17772
1716769788119,paho816787777153113,topic/maintenance,METAVERSE,17740
1716769788119,paho816787777153113,topic/maintenance,METAVERSE,17710
1716769788119,paho816787777153113,topic/maintenance,METAVERSE,17689
1716769788119,paho816787777153113,topic/maintenance,METAVERSE,17664
1716769788119,paho816787777153113,topic/maintenance,METAVERSE,17724
1716769788120,paho816787777153113,topic/maintenance,METAVERSE,17661
1716769788120,paho816787777153113,topic/maintenance,METAVERSE,18201
1716769788120,paho816787777153113,topic/maintenance,METAVERSE,17638
1716769788120,paho816787777153113,topic/maintenance,METAVERSE,17605
1716769788120,paho816787777153113,topic/maintenance,METAVERSE,17597
1716769788120,paho816787777153113,topic/maintenance,METAVERSE,17589
1716769788120,paho816787777153113,topic/maintenance,METAVERSE,17581
1716769788120,paho816787777153113,topic/maintenance,METAVERSE,17570
1716769788120,paho816787777153113,topic/maintenance,METAVERSE,17542
1716769788120,paho816787777153113,topic/maintenance,METAVERSE,17531
1716769788120,paho816787777153113,topic/maintenance,METAVERSE,17545
1716769788120,paho816787777153113,topic/maintenance,METAVERSE,17485
1716769788120,paho816787777153113,topic/maintenance,METAVERSE,18201
1716769788120,paho816787777153113,topic/maintenance,METAVERSE,17454
1716769788120,paho816787777153113,topic/maintenance,METAVERSE,17569
1716769788120,paho816787777153113,topic/maintenance,METAVERSE,17589
1716769788120,paho816787777153113,topic/maintenance,METAVERSE,17569
1716769788120,paho816787777153113,topic/maintenance,METAVERSE,17442
1716769788120,paho816787777153113,topic/maintenance,METAVERSE,17431
1716769788120,paho816787777153113,topic/maintenance,METAVERSE,17422
1716769788120,paho816787777153113,topic/maintenance,METAVERSE,17521
1716769788120,paho816787777153113,topic/maintenance,METAVERSE,17410
1716769788120,paho816787777153113,topic/maintenance,METAVERSE,17393
1716769788120,paho816787777153113,topic/maintenance,METAVERSE,17356
1716769788120,paho816787777153113,topic/maintenance,METAVERSE,18201
1716769788120,paho816787777153113,topic/maintenance,METAVERSE,17312
1716769788120,paho816787777153113,topic/maintenance,METAVERSE,17265
1716769788120,paho816787777153113,topic/maintenance,METAVERSE,17973
1716769788120,paho816787777153113,topic/maintenance,METAVERSE,17221
1716769788120,paho816787777153113,topic/maintenance,METAVERSE,17320
1716769788120,paho816787777153113,topic/maintenance,METAVERSE,17202
1716769788120,paho816787777153113,topic/maintenance,METAVERSE,17169
1716769788120,paho816787777153113,topic/maintenance,METAVERSE,17157
1716769788120,paho816787777153113,topic/maintenance,METAVERSE,17970
1716769788120,paho816787777153113,topic/maintenance,METAVERSE,17145
1716769788120,paho816787777153113,topic/maintenance,METAVERSE,17135
1716769788120,paho816787777153113,topic/maintenance,METAVERSE,17171
1716769788120,paho816787777153113,topic/maintenance,METAVERSE,17067
1716769788120,paho816787777153113,topic/maintenance,METAVERSE,17711
1716769788120,paho816787777153113,topic/maintenance,METAVERSE,17027
1716769788120,paho816787777153113,topic/maintenance,METAVERSE,17001
1716769788120,paho816787777153113,topic/maintenance,METAVERSE,16977
1716769788120,paho816787777153113,topic/maintenance,METAVERSE,16945
1716769788121,paho816787777153113,topic/maintenance,METAVERSE,16928
1716769788121,paho816787777153113,topic/maintenance,METAVERSE,16898
1716769788121,paho816787777153113,topic/maintenance,METAVERSE,16922
1716769788121,paho816787777153113,topic/maintenance,METAVERSE,17712
1716769788121,paho816787777153113,topic/maintenance,METAVERSE,16893
1716769788121,paho816787777153113,topic/maintenance,METAVERSE,16868
1716769788121,paho816787777153113,topic/maintenance,METAVERSE,16845
1716769788121,paho816787777153113,topic/maintenance,METAVERSE,16902
1716769788121,paho816787777153113,topic/maintenance,METAVERSE,16834
1716769788121,paho816787777153113,topic/maintenance,METAVERSE,16818
1716769788121,paho816787777153113,topic/maintenance,METAVERSE,16877
1716769788121,paho816787777153113,topic/maintenance,METAVERSE,17712
1716769788121,paho816787777153113,topic/maintenance,METAVERSE,16775
1716769788121,paho816787777153113,topic/maintenance,METAVERSE,16834
1716769788121,paho816787777153113,topic/maintenance,METAVERSE,16731
1716769788121,paho816787777153113,topic/maintenance,METAVERSE,16726
1716769788121,paho816787777153113,topic/maintenance,METAVERSE,16714
1716769788121,paho816787777153113,topic/maintenance,METAVERSE,16705
1716769788121,paho816787777153113,topic/maintenance,METAVERSE,17322
1716769788121,paho816787777153113,topic/maintenance,METAVERSE,16649
1716769788121,paho816787777153113,topic/maintenance,METAVERSE,16628
1716769788121,paho816787777153113,topic/maintenance,METAVERSE,16716
1716769788121,paho816787777153113,topic/maintenance,METAVERSE,17321
1716769788121,paho816787777153113,topic/maintenance,METAVERSE,16575
1716769788121,paho816787777153113,topic/maintenance,METAVERSE,16522
1716769788121,paho816787777153113,topic/maintenance,METAVERSE,17062
1716769788122,paho816787777153113,topic/maintenance,METAVERSE,16473
1716769788122,paho816787777153113,topic/maintenance,METAVERSE,16421
1716769788122,paho816787777153113,topic/maintenance,METAVERSE,16523
1716769788122,paho816787777153113,topic/maintenance,METAVERSE,16420
1716769788122,paho816787777153113,topic/maintenance,METAVERSE,16443
1716769788122,paho816787777153113,topic/maintenance,METAVERSE,16407
1716769788122,paho816787777153113,topic/maintenance,METAVERSE,16439
1716769788122,paho816787777153113,topic/maintenance,METAVERSE,16343
1716769788122,paho816787777153113,topic/maintenance,METAVERSE,17063
1716769788122,paho816787777153113,topic/maintenance,METAVERSE,16339
1716769788122,paho816787777153113,topic/maintenance,METAVERSE,16293
1716769788122,paho816787777153113,topic/maintenance,METAVERSE,16250
1716769788122,paho816787777153113,topic/maintenance,METAVERSE,17062
1716769788122,paho816787777153113,topic/maintenance,METAVERSE,16321
1716769788122,paho816787777153113,topic/maintenance,METAVERSE,16225
1716769788122,paho816787777153113,topic/maintenance,METAVERSE,16151
1716769788122,paho816787777153113,topic/maintenance,METAVERSE,16739
1716769788122,paho816787777153113,topic/maintenance,METAVERSE,16103
1716769788122,paho816787777153113,topic/maintenance,METAVERSE,16173
1716769788122,paho816787777153113,topic/maintenance,METAVERSE,16061
1716769788122,paho816787777153113,topic/maintenance,METAVERSE,16136
1716769788122,paho816787777153113,topic/maintenance,METAVERSE,16738
1716769788122,paho816787777153113,topic/maintenance,METAVERSE,16031
1716769788122,paho816787777153113,topic/maintenance,METAVERSE,15980
1716769788122,paho816787777153113,topic/maintenance,METAVERSE,16738
1716769788122,paho816787777153113,topic/maintenance,METAVERSE,15915
1716769788122,paho816787777153113,topic/maintenance,METAVERSE,15950
1716769788122,paho816787777153113,topic/maintenance,METAVERSE,15884
1716769788122,paho816787777153113,topic/maintenance,METAVERSE,16438
1716769788122,paho816787777153113,topic/maintenance,METAVERSE,15869
1716769788122,paho816787777153113,topic/maintenance,METAVERSE,15841
1716769788122,paho816787777153113,topic/maintenance,METAVERSE,15803
1716769788122,paho816787777153113,topic/maintenance,METAVERSE,15874
1716769788122,paho816787777153113,topic/maintenance,METAVERSE,16438
1716769788122,paho816787777153113,topic/maintenance,METAVERSE,15723
1716769788122,paho816787777153113,topic/maintenance,METAVERSE,15734
1716769788122,paho816787777153113,topic/maintenance,METAVERSE,15692
1716769788123,paho816787777153113,topic/maintenance,METAVERSE,16172
1716769788123,paho816787777153113,topic/maintenance,METAVERSE,15636
1716769788123,paho816787777153113,topic/maintenance,METAVERSE,15637
1716769788123,paho816787777153113,topic/maintenance,METAVERSE,15612
1716769788123,paho816787777153113,topic/maintenance,METAVERSE,15575
1716769788123,paho816787777153113,topic/maintenance,METAVERSE,16172
1716769788123,paho816787777153113,topic/maintenance,METAVERSE,15500
1716769788123,paho816787777153113,topic/maintenance,METAVERSE,16172
1716769788123,paho816787777153113,topic/maintenance,METAVERSE,15441
1716769788123,paho816787777153113,topic/maintenance,METAVERSE,15520
1716769788123,paho816787777153113,topic/maintenance,METAVERSE,15401
1716769788123,paho816787777153113,topic/maintenance,METAVERSE,15375
1716769788123,paho816787777153113,topic/maintenance,METAVERSE,15316
1716769788123,paho816787777153113,topic/maintenance,METAVERSE,15325
1716769788123,paho816787777153113,topic/maintenance,METAVERSE,15900
1716769788123,paho816787777153113,topic/maintenance,METAVERSE,15384
1716769788123,paho816787777153113,topic/maintenance,METAVERSE,15275
1716769788123,paho816787777153113,topic/maintenance,METAVERSE,15240
1716769788123,paho816787777153113,topic/maintenance,METAVERSE,15899
1716769788123,paho816787777153113,topic/maintenance,METAVERSE,15201
1716769788123,paho816787777153113,topic/maintenance,METAVERSE,15299
1716769788123,paho816787777153113,topic/maintenance,METAVERSE,15144
1716769788123,paho816787777153113,topic/maintenance,METAVERSE,15656
1716769788123,paho816787777153113,topic/maintenance,METAVERSE,15109
1716769788123,paho816787777153113,topic/maintenance,METAVERSE,15068
1716769788123,paho816787777153113,topic/maintenance,METAVERSE,15133
1716769788123,paho816787777153113,topic/maintenance,METAVERSE,15655
1716769788123,paho816787777153113,topic/maintenance,METAVERSE,15018
1716769788123,paho816787777153113,topic/maintenance,METAVERSE,15095
1716769788123,paho816787777153113,topic/maintenance,METAVERSE,14921
1716769788123,paho816787777153113,topic/maintenance,METAVERSE,15655
1716769788123,paho816787777153113,topic/maintenance,METAVERSE,14896
1716769788123,paho816787777153113,topic/maintenance,METAVERSE,14880
1716769788123,paho816787777153113,topic/maintenance,METAVERSE,14922
1716769788123,paho816787777153113,topic/maintenance,METAVERSE,14856
1716769788123,paho816787777153113,topic/maintenance,METAVERSE,14848
1716769788123,paho816787777153113,topic/maintenance,METAVERSE,14847
1716769788123,paho816787777153113,topic/maintenance,METAVERSE,14847
1716769788123,paho816787777153113,topic/maintenance,METAVERSE,14875
1716769788123,paho816787777153113,topic/maintenance,METAVERSE,14847
1716769788123,paho816787777153113,topic/maintenance,METAVERSE,14847
1716769788123,paho816787777153113,topic/maintenance,METAVERSE,15367
1716769788123,paho816787777153113,topic/maintenance,METAVERSE,14847
1716769788123,paho816787777153113,topic/maintenance,METAVERSE,14847
1716769788124,paho816787777153113,topic/maintenance,METAVERSE,14848
1716769788124,paho816787777153113,topic/maintenance,METAVERSE,14848
1716769788124,paho816787777153113,topic/maintenance,METAVERSE,14847
1716769788124,paho816787777153113,topic/maintenance,METAVERSE,14847
1716769788124,paho816787777153113,topic/maintenance,METAVERSE,14855
1716769788124,paho816787777153113,topic/maintenance,METAVERSE,14847
1716769788124,paho816787777153113,topic/maintenance,METAVERSE,14749
1716769788124,paho816787777153113,topic/maintenance,METAVERSE,14714
1716769788124,paho816787777153113,topic/maintenance,METAVERSE,14663
1716769788124,paho816787777153113,topic/maintenance,METAVERSE,14605
1716769788124,paho816787777153113,topic/maintenance,METAVERSE,14633
1716769788124,paho816787777153113,topic/maintenance,METAVERSE,15368
1716769788124,paho816787777153113,topic/maintenance,METAVERSE,14641
1716769788124,paho816787777153113,topic/maintenance,METAVERSE,14564
1716769788124,paho816787777153113,topic/maintenance,METAVERSE,15368
1716769788124,paho816787777153113,topic/maintenance,METAVERSE,14501
1716769788124,paho816787777153113,topic/maintenance,METAVERSE,14625
1716769788124,paho816787777153113,topic/maintenance,METAVERSE,14408
1716769788124,paho816787777153113,topic/maintenance,METAVERSE,14437
1716769788124,paho816787777153113,topic/maintenance,METAVERSE,15113
1716769788124,paho816787777153113,topic/maintenance,METAVERSE,14509
1716769788124,paho816787777153113,topic/maintenance,METAVERSE,14369
1716769788124,paho816787777153113,topic/maintenance,METAVERSE,14296
1716769788124,paho816787777153113,topic/maintenance,METAVERSE,15112
1716769788124,paho816787777153113,topic/maintenance,METAVERSE,14319
1716769788124,paho816787777153113,topic/maintenance,METAVERSE,14265
1716769788124,paho816787777153113,topic/maintenance,METAVERSE,14857
1716769788124,paho816787777153113,topic/maintenance,METAVERSE,14209
1716769788124,paho816787777153113,topic/maintenance,METAVERSE,14295
1716769788126,paho816787777153113,topic/maintenance,METAVERSE,14163
1716769788126,paho816787777153113,topic/maintenance,METAVERSE,14859
1716769788126,paho816787777153113,topic/maintenance,METAVERSE,14107
1716769788126,paho816787777153113,topic/maintenance,METAVERSE,14128
1716769788126,paho816787777153113,topic/maintenance,METAVERSE,14859
1716769788126,paho816787777153113,topic/maintenance,METAVERSE,14008
1716769788126,paho816787777153113,topic/maintenance,METAVERSE,13979
1716769788126,paho816787777153113,topic/maintenance,METAVERSE,13979
1716769788126,paho816787777153113,topic/maintenance,METAVERSE,13979
1716769788126,paho816787777153113,topic/maintenance,METAVERSE,13979
1716769788127,paho816787777153113,topic/maintenance,METAVERSE,13980
1716769788127,paho816787777153113,topic/maintenance,METAVERSE,13979
1716769788127,paho816787777153113,topic/maintenance,METAVERSE,13900
1716769788127,paho816787777153113,topic/maintenance,METAVERSE,13979
1716769788127,paho816787777153113,topic/maintenance,METAVERSE,13979
1716769788128,paho816787777153113,topic/maintenance,METAVERSE,13980
1716769788128,paho816787777153113,topic/maintenance,METAVERSE,13980
1716769788128,paho816787777153113,topic/maintenance,METAVERSE,14491
1716769788128,paho816787777153113,topic/maintenance,METAVERSE,13980
1716769788128,paho816787777153113,topic/maintenance,METAVERSE,13980
1716769788128,paho816787777153113,topic/maintenance,METAVERSE,13980
1716769788128,paho816787777153113,topic/maintenance,METAVERSE,13980
1716769788128,paho816787777153113,topic/maintenance,METAVERSE,13879
1716769788128,paho816787777153113,topic/maintenance,METAVERSE,13980
1716769788128,paho816787777153113,topic/maintenance,METAVERSE,13879
1716769788128,paho816787777153113,topic/maintenance,METAVERSE,13980
1716769788128,paho816787777153113,topic/maintenance,METAVERSE,13980
1716769788128,paho816787777153113,topic/maintenance,METAVERSE,13739
1716769788128,paho816787777153113,topic/maintenance,METAVERSE,13980
1716769788128,paho816787777153113,topic/maintenance,METAVERSE,13979
1716769788128,paho816787777153113,topic/maintenance,METAVERSE,13979
1716769788128,paho816787777153113,topic/maintenance,METAVERSE,13979
1716769788128,paho816787777153113,topic/maintenance,METAVERSE,13776
1716769788128,paho816787777153113,topic/maintenance,METAVERSE,14491
1716769788196,paho816787776828664,topic/occupancy,METAVERSE,496
1716769788277,paho816787775870319,topic/b/noise,METAVERSE,182
1716769788352,paho816787776828664,topic/occupancy,METAVERSE,652
1716769788421,paho816787775870319,topic/c/noise,METAVERSE,18
1716769788469,paho816787776828664,topic/occupancy,METAVERSE,208
1716769788475,paho816787775870319,topic/b/lighting,METAVERSE,191
1716769788476,paho816787776998330,topic/b/lighting,METAVERSE,192
1716769788574,paho816787775870319,topic/b/noise,METAVERSE,191
1716769788591,paho816787776828664,topic/occupancy,METAVERSE,302
1716769788724,paho816787776828664,topic/occupancy,METAVERSE,261
1716769788846,paho816787776828664,topic/occupancy,METAVERSE,366
1716769788886,paho816787775870319,topic/d/noise,METAVERSE,12
1716769788971,paho816787776828664,topic/occupancy,METAVERSE,199
1716769789171,paho816787776828664,topic/occupancy,METAVERSE,245
1716769789193,paho816787776998330,topic/s/lighting,METAVERSE,18
1716769789196,paho816787775870319,topic/s/lighting,METAVERSE,21
1716769789311,paho816787776828664,topic/occupancy,METAVERSE,418
1716769789409,paho816787775870319,topic/v/lighting,METAVERSE,126
1716769789409,paho816787776998330,topic/v/lighting,METAVERSE,126
1716769789444,paho816787776828664,topic/occupancy,METAVERSE,528
1716769789479,paho816787775870319,topic/d/noise,METAVERSE,13
1716769789513,paho816787775870319,topic/v/noise,METAVERSE,133
1716769789566,paho816787775870319,topic/e/noise,METAVERSE,123
1716769789576,paho816787776828664,topic/occupancy,METAVERSE,167
1716769789741,paho816787776998330,topic/s/lighting,METAVERSE,13
1716769789742,paho816787775870319,topic/s/lighting,METAVERSE,14
1716769789842,paho816787775870319,topic/e/noise,METAVERSE,115
1716769789885,paho816787776828664,topic/occupancy,METAVERSE,310
1716769790185,paho816787775870319,topic/g/noise,METAVERSE,96
1716769790402,paho816787775870319,topic/s/noise,METAVERSE,11
1716769790441,paho816787775870319,topic/g/lighting,METAVERSE,109
1716769790441,paho816787776998330,topic/g/lighting,METAVERSE,109
1716769790479,paho816787776828664,topic/occupancy,METAVERSE,171
1716769790506,paho816787775870319,topic/e/lighting,METAVERSE,118
1716769790506,paho816787776998330,topic/e/lighting,METAVERSE,118
1716769790585,paho816787776998330,topic/g/lighting,METAVERSE,90
1716769790586,paho816787775870319,topic/g/lighting,METAVERSE,91
1716769790645,paho816787775870319,topic/g/noise,METAVERSE,42
1716769790654,paho816787776828664,topic/occupancy,METAVERSE,337
1716769790804,paho816787775870319,topic/b/noise,METAVERSE,199
1716769790842,paho816787776828664,topic/occupancy,METAVERSE,366
1716769790940,paho816787776828664,topic/occupancy,METAVERSE,457
1716769791112,paho816787776828664,topic/occupancy,METAVERSE,336
1716769791213,paho816787776828664,topic/occupancy,METAVERSE,283
1716769791291,paho816787776998330,topic/d/lighting,METAVERSE,12
1716769791291,paho816787775870319,topic/d/lighting,METAVERSE,12
1716769791319,paho816787776828664,topic/occupancy,METAVERSE,424
1716769791329,paho816787775870319,topic/d/lighting,METAVERSE,15
1716769791329,paho816787776998330,topic/d/lighting,METAVERSE,15
1716769791386,paho816787776998330,topic/b/lighting,METAVERSE,182
1716769791386,paho816787775870319,topic/b/lighting,METAVERSE,182
1716769791508,paho816787776828664,topic/occupancy,METAVERSE,580
1716769791650,paho816787776828664,topic/occupancy,METAVERSE,202
1716769791722,paho816787776828664,topic/queueing,METAVERSE,15
1716769791723,paho816787775870319,topic/c/rfid,METAVERSE,16
1716769791784,paho816787777153113,topic/maintenance,METAVERSE,17635
1716769791784,paho816787777153113,topic/maintenance,METAVERSE,17635
1716769791784,paho816787777153113,topic/maintenance,METAVERSE,17635
1716769791784,paho816787777153113,topic/maintenance,METAVERSE,17635
1716769791784,paho816787777153113,topic/maintenance,METAVERSE,17635
1716769791784,paho816787777153113,topic/maintenance,METAVERSE,17635
1716769791784,paho816787777153113,topic/maintenance,METAVERSE,17635
1716769791784,paho816787777153113,topic/maintenance,METAVERSE,17635
1716769791784,paho816787777153113,topic/maintenance,METAVERSE,17635
1716769791784,paho816787777153113,topic/maintenance,METAVERSE,17635
1716769791785,paho816787777153113,topic/maintenance,METAVERSE,17242
1716769791785,paho816787777153113,topic/maintenance,METAVERSE,17635
1716769791785,paho816787777153113,topic/maintenance,METAVERSE,18148
1716769791785,paho816787777153113,topic/maintenance,METAVERSE,17635
1716769791785,paho816787777153113,topic/maintenance,METAVERSE,17506
1716769791785,paho816787777153113,topic/maintenance,METAVERSE,17505
1716769791785,paho816787777153113,topic/maintenance,METAVERSE,17505
1716769791785,paho816787777153113,topic/maintenance,METAVERSE,17505
1716769791785,paho816787777153113,topic/maintenance,METAVERSE,17505
1716769791785,paho816787777153113,topic/maintenance,METAVERSE,17505
1716769791785,paho816787777153113,topic/maintenance,METAVERSE,17505
1716769791785,paho816787777153113,topic/maintenance,METAVERSE,17505
1716769791785,paho816787777153113,topic/maintenance,METAVERSE,17152
1716769791785,paho816787777153113,topic/maintenance,METAVERSE,17505
1716769791785,paho816787777153113,topic/maintenance,METAVERSE,17505
1716769791785,paho816787777153113,topic/maintenance,METAVERSE,17870
1716769791785,paho816787777153113,topic/maintenance,METAVERSE,17102
1716769791785,paho816787777153113,topic/maintenance,METAVERSE,17505
1716769791785,paho816787777153113,topic/maintenance,METAVERSE,17505
1716769791785,paho816787777153113,topic/maintenance,METAVERSE,17504
1716769791785,paho816787777153113,topic/maintenance,METAVERSE,17310
1716769791785,paho816787777153113,topic/maintenance,METAVERSE,17309
1716769791785,paho816787777153113,topic/maintenance,METAVERSE,17309
1716769791785,paho816787777153113,topic/maintenance,METAVERSE,17309
1716769791785,paho816787777153113,topic/maintenance,METAVERSE,17309
1716769791785,paho816787777153113,topic/maintenance,METAVERSE,17309
1716769791785,paho816787777153113,topic/maintenance,METAVERSE,17309
1716769791785,paho816787777153113,topic/maintenance,METAVERSE,17869
1716769791785,paho816787777153113,topic/maintenance,METAVERSE,17309
1716769791785,paho816787777153113,topic/maintenance,METAVERSE,16955
1716769791785,paho816787777153113,topic/maintenance,METAVERSE,17309
1716769791785,paho816787777153113,topic/maintenance,METAVERSE,17309
1716769791785,paho816787777153113,topic/maintenance,METAVERSE,17309
1716769791785,paho816787777153113,topic/maintenance,METAVERSE,17309
1716769791785,paho816787777153113,topic/maintenance,METAVERSE,17309
1716769791785,paho816787777153113,topic/maintenance,METAVERSE,17309
1716769791785,paho816787777153113,topic/maintenance,METAVERSE,17308
1716769791785,paho816787777153113,topic/maintenance,METAVERSE,17106
1716769791786,paho816787777153113,topic/maintenance,METAVERSE,17106
1716769791786,paho816787777153113,topic/maintenance,METAVERSE,17106
1716769791786,paho816787777153113,topic/maintenance,METAVERSE,17106
1716769791786,paho816787777153113,topic/maintenance,METAVERSE,16787
1716769791786,paho816787777153113,topic/maintenance,METAVERSE,17633
1716769791786,paho816787777153113,topic/maintenance,METAVERSE,17106
1716769791786,paho816787777153113,topic/maintenance,METAVERSE,17079
1716769791786,paho816787777153113,topic/maintenance,METAVERSE,16785
1716769791786,paho816787777153113,topic/maintenance,METAVERSE,17078
1716769791786,paho816787777153113,topic/maintenance,METAVERSE,17078
1716769791786,paho816787777153113,topic/maintenance,METAVERSE,17078
1716769791786,paho816787777153113,topic/maintenance,METAVERSE,17078
1716769791786,paho816787777153113,topic/maintenance,METAVERSE,17078
1716769791786,paho816787777153113,topic/maintenance,METAVERSE,17078
1716769791786,paho816787777153113,topic/maintenance,METAVERSE,17078
1716769791786,paho816787777153113,topic/maintenance,METAVERSE,16554
1716769791786,paho816787777153113,topic/maintenance,METAVERSE,17078
1716769791786,paho816787777153113,topic/maintenance,METAVERSE,17633
1716769791786,paho816787777153113,topic/maintenance,METAVERSE,17078
1716769791846,paho816787776828664,topic/occupancy,METAVERSE,139
1716769791947,paho816787775870319,topic/e/lighting,METAVERSE,112
1716769791947,paho816787776998330,topic/e/lighting,METAVERSE,112
1716769791954,paho816787776998330,topic/b/lighting,METAVERSE,191
1716769791954,paho816787775870319,topic/b/lighting,METAVERSE,191
1716769791996,paho816787776828664,topic/occupancy,METAVERSE,410
1716769792500,paho816787776828664,topic/occupancy,METAVERSE,176
1716769792660,paho816787776828664,topic/occupancy,METAVERSE,322
1716769792795,paho816787776828664,topic/occupancy,METAVERSE,316
1716769792840,paho816787776998330,topic/b/lighting,METAVERSE,185
1716769792840,paho816787775870319,topic/b/lighting,METAVERSE,185
1716769792888,paho816787775870319,topic/s/noise,METAVERSE,18
1716769792912,paho816787775870319,topic/c/lighting,METAVERSE,13
1716769792913,paho816787776998330,topic/c/lighting,METAVERSE,14
1716769792961,paho816787776998330,topic/b/lighting,METAVERSE,197
1716769792962,paho816787775870319,topic/b/lighting,METAVERSE,198
1716769792968,paho816787776828664,topic/occupancy,METAVERSE,444
1716769793052,paho816787776998330,topic/c/lighting,METAVERSE,16
1716769793052,paho816787775870319,topic/c/lighting,METAVERSE,16
1716769793078,paho816787775870319,topic/b/noise,METAVERSE,193
1716769793160,paho816787776828664,topic/occupancy,METAVERSE,373
1716769793297,paho816787776828664,topic/occupancy,METAVERSE,366
1716769793320,paho816787775870319,topic/b/noise,METAVERSE,185
1716769793421,paho816787775870319,topic/c/noise,METAVERSE,11
1716769793474,paho816787776828664,topic/occupancy,METAVERSE,545
1716769793506,paho816787775870319,topic/b/lighting,METAVERSE,187
1716769793506,paho816787776998330,topic/b/lighting,METAVERSE,187
1716769793567,paho816787775870319,topic/b/noise,METAVERSE,182
1716769793592,paho816787776828664,topic/occupancy,METAVERSE,663
1716769793716,paho816787776828664,topic/occupancy,METAVERSE,217
1716769793730,paho816787776828664,topic/queueing,METAVERSE,15
1716769793732,paho816787775870319,topic/c/rfid,METAVERSE,17
1716769793737,paho816787775870319,topic/c/rfid,METAVERSE,21
1716769793738,paho816787776828664,topic/queueing,METAVERSE,22
1716769793861,paho816787776828664,topic/occupancy,METAVERSE,146
1716769793891,paho816787775870319,topic/d/noise,METAVERSE,12
1716769793964,paho816787776828664,topic/occupancy,METAVERSE,248
1716769794152,paho816787776828664,topic/occupancy,METAVERSE,565
1716769794229,paho816787775870319,topic/s/lighting,METAVERSE,26
1716769794229,paho816787776998330,topic/s/lighting,METAVERSE,26
1716769794414,paho816787776998330,topic/v/lighting,METAVERSE,122
1716769794414,paho816787775870319,topic/v/lighting,METAVERSE,122
1716769794494,paho816787775870319,topic/d/noise,METAVERSE,13
1716769794514,paho816787775870319,topic/v/noise,METAVERSE,128
1716769794514,paho816787776828664,topic/occupancy,METAVERSE,182
1716769794568,paho816787775870319,topic/e/noise,METAVERSE,121
1716769794676,paho816787776828664,topic/occupancy,METAVERSE,288
1716769794746,paho816787775870319,topic/s/lighting,METAVERSE,14
1716769794754,paho816787776998330,topic/s/lighting,METAVERSE,22
1716769794777,paho816787776828664,topic/occupancy,METAVERSE,297
1716769794842,paho816787775870319,topic/e/noise,METAVERSE,111
1716769794974,paho816787776828664,topic/occupancy,METAVERSE,434
1716769795068,paho816787776828664,topic/occupancy,METAVERSE,252
1716769795207,paho816787776828664,topic/occupancy,METAVERSE,261
1716769795227,paho816787775870319,topic/g/noise,METAVERSE,138
1716769795356,paho816787776828664,topic/occupancy,METAVERSE,421
1716769795405,paho816787775870319,topic/s/noise,METAVERSE,14
1716769795470,paho816787775870319,topic/g/lighting,METAVERSE,138
1716769795470,paho816787776998330,topic/g/lighting,METAVERSE,138
1716769795474,paho816787776828664,topic/occupancy,METAVERSE,534
1716769795503,paho816787776998330,topic/e/lighting,METAVERSE,113
1716769795503,paho816787775870319,topic/e/lighting,METAVERSE,113
1716769795641,paho816787775870319,topic/g/lighting,METAVERSE,142
1716769795641,paho816787776998330,topic/g/lighting,METAVERSE,142
1716769795721,paho816787775870319,topic/g/noise,METAVERSE,117
1716769795732,paho816787776828664,topic/occupancy,METAVERSE,168
1716769795820,paho816787775870319,topic/b/noise,METAVERSE,186
1716769795872,paho816787776828664,topic/occupancy,METAVERSE,279
1716769796310,paho816787776998330,topic/d/lighting,METAVERSE,19
1716769796310,paho816787775870319,topic/d/lighting,METAVERSE,19
1716769796335,paho816787776998330,topic/d/lighting,METAVERSE,14
1716769796336,paho816787775870319,topic/d/lighting,METAVERSE,15
1716769796392,paho816787775870319,topic/b/lighting,METAVERSE,181
1716769796392,paho816787776998330,topic/b/lighting,METAVERSE,181
1716769796489,paho816787776828664,topic/occupancy,METAVERSE,129
1716769796625,paho816787776828664,topic/occupancy,METAVERSE,213
1716769796782,paho816787776828664,topic/occupancy,METAVERSE,293
1716769796922,paho816787776828664,topic/occupancy,METAVERSE,381
1716769796956,paho816787776998330,topic/e/lighting,METAVERSE,97
1716769796957,paho816787775870319,topic/e/lighting,METAVERSE,98
1716769796991,paho816787776998330,topic/b/lighting,METAVERSE,209
1716769796991,paho816787775870319,topic/b/lighting,METAVERSE,209
1716769797036,paho816787776828664,topic/occupancy,METAVERSE,204
1716769797192,paho816787776828664,topic/occupancy,METAVERSE,256
1716769797302,paho816787776828664,topic/occupancy,METAVERSE,326
1716769797480,paho816787776828664,topic/occupancy,METAVERSE,535
1716769797721,paho816787776828664,topic/occupancy,METAVERSE,121
1716769797850,paho816787776828664,topic/occupancy,METAVERSE,248
1716769797852,paho816787776998330,topic/b/lighting,METAVERSE,193
1716769797852,paho816787775870319,topic/b/lighting,METAVERSE,193
1716769797909,paho816787775870319,topic/s/noise,METAVERSE,12
1716769797919,paho816787775870319,topic/c/lighting,METAVERSE,12
1716769797920,paho816787776998330,topic/c/lighting,METAVERSE,13
1716769797966,paho816787775870319,topic/b/lighting,METAVERSE,192
1716769797967,paho816787776998330,topic/b/lighting,METAVERSE,193
1716769798080,paho816787775870319,topic/b/noise,METAVERSE,193
1716769798084,paho816787775870319,topic/c/lighting,METAVERSE,13
1716769798084,paho816787776998330,topic/c/lighting,METAVERSE,13
1716769798327,paho816787775870319,topic/b/noise,METAVERSE,180
1716769798428,paho816787775870319,topic/c/noise,METAVERSE,17
1716769798537,paho816787775870319,topic/b/lighting,METAVERSE,188
1716769798538,paho816787776998330,topic/b/lighting,METAVERSE,189
1716769798577,paho816787775870319,topic/b/noise,METAVERSE,191
1716769798580,paho816787776828664,topic/occupancy,METAVERSE,219
1716769798752,paho816787776828664,topic/occupancy,METAVERSE,333
1716769798895,paho816787775870319,topic/d/noise,METAVERSE,16
1716769798908,paho816787776828664,topic/occupancy,METAVERSE,357
1716769799068,paho816787776828664,topic/occupancy,METAVERSE,573
1716769799206,paho816787776828664,topic/occupancy,METAVERSE,334
1716769799287,paho816787775870319,topic/s/lighting,METAVERSE,24
1716769799287,paho816787776998330,topic/s/lighting,METAVERSE,24
1716769799345,paho816787775870319,topic/v/lighting,METAVERSE,23
1716769799346,paho816787776998330,topic/v/lighting,METAVERSE,24
1716769799352,paho816787776828664,topic/occupancy,METAVERSE,415
1716769799420,paho816787775870319,topic/v/noise,METAVERSE,13
1716769799499,paho816787775870319,topic/d/noise,METAVERSE,13
1716769799530,paho816787776828664,topic/occupancy,METAVERSE,549
1716769799570,paho816787775870319,topic/e/noise,METAVERSE,122
1716769799720,paho816787776828664,topic/occupancy,METAVERSE,744
1716769799751,paho816787776998330,topic/s/lighting,METAVERSE,12
1716769799752,paho816787775870319,topic/s/lighting,METAVERSE,13
1716769799858,paho816787775870319,topic/e/noise,METAVERSE,115
1716769799867,paho816787776828664,topic/occupancy,METAVERSE,264
1716769800095,paho816787776828664,topic/occupancy,METAVERSE,490
1716769800255,paho816787775870319,topic/g/noise,METAVERSE,144
1716769800407,paho816787775870319,topic/s/noise,METAVERSE,11
1716769800470,paho816787775870319,topic/g/lighting,METAVERSE,133
1716769800471,paho816787776998330,topic/g/lighting,METAVERSE,134
1716769800506,paho816787776998330,topic/e/lighting,METAVERSE,113
1716769800507,paho816787775870319,topic/e/lighting,METAVERSE,114
1716769800596,paho816787776828664,topic/occupancy,METAVERSE,234
1716769800676,paho816787776998330,topic/g/lighting,METAVERSE,141
1716769800677,paho816787775870319,topic/g/lighting,METAVERSE,142
1716769800691,paho816787776828664,topic/occupancy,METAVERSE,259
1716769800750,paho816787775870319,topic/g/noise,METAVERSE,143
1716769800828,paho816787775870319,topic/b/noise,METAVERSE,186
1716769800860,paho816787776828664,topic/occupancy,METAVERSE,292
1716769801008,paho816787776828664,topic/occupancy,METAVERSE,501
1716769801212,paho816787776828664,topic/occupancy,METAVERSE,328
1716769801321,paho816787775870319,topic/d/lighting,METAVERSE,14
1716769801321,paho816787776998330,topic/d/lighting,METAVERSE,14
1716769801344,paho816787775870319,topic/d/lighting,METAVERSE,15
1716769801344,paho816787776998330,topic/d/lighting,METAVERSE,15
1716769801380,paho816787776828664,topic/occupancy,METAVERSE,427
1716769801400,paho816787775870319,topic/b/lighting,METAVERSE,176
1716769801400,paho816787776998330,topic/b/lighting,METAVERSE,176
1716769801548,paho816787776828664,topic/occupancy,METAVERSE,561
1716769801688,paho816787776828664,topic/occupancy,METAVERSE,711
1716769801856,paho816787776828664,topic/occupancy,METAVERSE,244
1716769801970,paho816787775870319,topic/b/lighting,METAVERSE,184
1716769801970,paho816787776998330,topic/b/lighting,METAVERSE,184
1716769801998,paho816787775870319,topic/e/lighting,METAVERSE,115
1716769801998,paho816787776998330,topic/e/lighting,METAVERSE,115
1716769802068,paho816787776828664,topic/occupancy,METAVERSE,455
1716769802553,paho816787776828664,topic/occupancy,METAVERSE,190
1716769802700,paho816787776828664,topic/occupancy,METAVERSE,236
1716769802808,paho816787776828664,topic/occupancy,METAVERSE,236
1716769802861,paho816787775870319,topic/b/lighting,METAVERSE,192
1716769802861,paho816787776998330,topic/b/lighting,METAVERSE,192
1716769802909,paho816787775870319,topic/s/noise,METAVERSE,11
1716769802918,paho816787775870319,topic/c/lighting,METAVERSE,10
1716769802919,paho816787776998330,topic/c/lighting,METAVERSE,11
1716769802982,paho816787776998330,topic/b/lighting,METAVERSE,202
1716769802982,paho816787775870319,topic/b/lighting,METAVERSE,202
1716769803008,paho816787776828664,topic/occupancy,METAVERSE,481
1716769803096,paho816787775870319,topic/c/lighting,METAVERSE,13
1716769803097,paho816787776998330,topic/c/lighting,METAVERSE,14
1716769803110,paho816787775870319,topic/b/noise,METAVERSE,191
